99.0049 0.0000
99.0054 0.0000
99.0059 0.0000
99.0063 0.0000
101.0676 0.0000
101.0681 0.0000
101.0685 0.0000
101.0690 0.0000
101.0695 204.2664
101.0700 506.4059
101.0705 1553.1300
101.0709 2751.1370
101.0714 3778.3000
101.0719 3178.2461
101.0724 1856.4410
101.0729 632.5449
101.0734 0.0000
101.0738 0.0000
101.0743 0.0000
101.0748 0.0000
101.0753 0.0000
102.0520 0.0000
102.0525 0.0000
102.0529 0.0000
102.0534 0.0000
102.0539 265.3213
102.0544 694.3845
102.0549 1230.3030
102.0554 2262.3159
102.0559 1885.9580
102.0564 844.6467
102.0569 336.1025
102.0573 0.0000
102.0578 0.0000
102.0583 0.0000
102.0587 0.0000
110.5102 0.0000
110.5107 0.0000
110.5113 0.0000
110.5118 0.0000
110.5124 0.0000
110.5129 0.0000
110.5135 0.0000
110.5140 0.0000
110.5146 0.0000
110.5151 0.0000
110.5157 0.0000
110.5162 0.0000
110.5168 0.0000
110.5173 0.0000
110.5179 0.0000
110.5184 0.0000
110.5190 0.0000
110.5195 0.0000
110.5201 0.0000
110.5206 0.0000
110.5212 0.0000
110.6221 0.0000
110.6226 0.0000
110.6232 0.0000
110.6238 0.0000
110.6243 0.0000
110.6249 0.0000
110.6254 0.0000
110.6260 0.0000
110.6265 0.0000
110.6271 0.0000
110.6276 0.0000
110.6282 0.0000
110.6287 0.0000
110.6293 0.0000
110.6298 0.0000
110.6304 0.0000
110.6309 0.0000
110.6315 0.0000
110.6320 0.0000
110.6326 0.0000
111.0410 0.0000
111.0416 0.0000
111.0421 0.0000
111.0427 0.0000
111.0432 346.1013
111.0438 619.4210
111.0443 725.4676
111.0449 579.4821
111.0454 294.3183
111.0460 0.0000
111.0465 0.0000
111.0471 0.0000
111.0476 0.0000
116.0673 0.0000
116.0679 0.0000
116.0685 0.0000
116.0691 0.0000
116.0697 318.4152
116.0703 656.8734
116.0709 845.4013
116.0715 723.9056
116.0720 389.6845
116.0726 0.0000
116.0732 0.0000
116.0738 0.0000
116.0744 0.0000
117.4024 0.0000
117.4030 0.0000
117.4036 0.0000
117.4042 0.0000
117.4048 371.6146
117.4054 519.3054
117.4060 594.8878
117.4066 540.0964
117.4072 366.1644
117.4078 0.0000
117.4084 0.0000
117.4090 0.0000
117.4096 0.0000
126.0490 0.0000
126.0497 0.0000
126.0504 0.0000
126.0510 0.0000
126.0517 348.6251
126.0524 690.2891
126.0530 2548.7830
126.0537 8598.1943
126.0544 16056.0996
126.0551 22864.3691
126.0557 19884.9199
126.0564 12079.5303
126.0571 4847.7500
126.0577 1256.2150
126.0584 400.2801
126.0591 0.0000
126.0597 0.0000
126.0604 0.0000
126.0611 0.0000
126.0879 0.0000
126.0886 0.0000
126.0893 0.0000
126.0899 0.0000
126.0906 401.3144
126.0913 662.1336
126.0920 770.5070
126.0926 647.5667
126.0933 377.2213
126.0939 0.0000
126.0946 0.0000
126.0953 0.0000
126.0959 0.0000
126.1228 0.0000
126.1235 0.0000
126.1241 0.0000
126.1248 0.0000
126.1255 404.2738
126.1262 1972.8870
126.1268 4690.4668
126.1275 7636.7808
126.1282 8221.7549
126.1288 5503.5049
126.1295 2773.2930
126.1302 760.3151
126.1309 276.2224
126.1316 0.0000
126.1323 0.0000
126.1329 0.0000
126.1336 0.0000
126.4668 0.0000
126.4675 0.0000
126.4682 0.0000
126.4689 0.0000
126.4695 275.0348
126.4702 458.4592
126.4709 545.5103
126.4716 461.3494
126.4722 248.4837
126.4729 0.0000
126.4736 0.0000
126.4742 0.0000
126.4749 0.0000
127.0543 0.0000
127.0550 0.0000
127.0557 0.0000
127.0564 0.0000
127.0571 172.5671
127.0577 433.6486
127.0584 602.6924
127.0591 517.9487
127.0598 241.7756
127.0603 0.0000
127.0610 0.0000
127.0617 0.0000
127.0624 0.0000
127.1194 0.0000
127.1201 0.0000
127.1208 0.0000
127.1215 0.0000
127.1222 16.1604
127.1228 531.4691
127.1235 1887.3040
127.1242 3374.2671
127.1249 4367.3018
127.1256 3815.8511
127.1262 2281.9141
127.1269 892.5275
127.1276 253.6539
127.1283 102.5659
127.1290 776.6855
127.1297 3345.1860
127.1304 6560.8120
127.1310 9653.7305
127.1317 8618.3408
127.1324 5255.5610
127.1331 2191.8491
127.1338 558.2588
127.1344 133.4839
127.1352 0.0000
127.1359 0.0000
127.1366 0.0000
127.1372 0.0000
128.1226 0.0000
128.1233 0.0000
128.1240 0.0000
128.1247 0.0000
128.1254 183.2560
128.1261 1076.4919
128.1268 3924.1641
128.1275 7405.6909
128.1281 10583.0801
128.1288 9552.6777
128.1295 5795.6768
128.1302 2286.2229
128.1309 486.8607
128.1316 198.8446
128.1323 1176.7590
128.1330 4513.8892
128.1337 9042.7812
128.1343 13678.9805
128.1350 13042.1699
128.1357 8260.7715
128.1364 3818.1201
128.1371 1005.6420
128.1378 216.0269
128.1385 0.0000
128.1391 0.0000
128.1398 0.0000
128.1405 0.0000
129.0507 0.0000
129.0514 0.0000
129.0521 0.0000
129.0528 0.0000
129.0535 193.3056
129.0542 449.8942
129.0549 595.0046
129.0556 517.5500
129.0562 279.7734
129.0569 0.0000
129.0576 0.0000
129.0583 0.0000
129.0590 0.0000
129.1258 0.0000
129.1265 0.0000
129.1272 0.0000
129.1279 0.0000
129.1286 87.4792
129.1293 649.2624
129.1300 2814.2329
129.1307 5830.0928
129.1314 8945.0000
129.1321 8868.6426
129.1328 5786.1060
129.1335 2682.3469
129.1342 746.5062
129.1349 237.6486
129.1356 783.7056
129.1362 3207.7200
129.1369 6881.3281
129.1376 10894.4902
129.1383 11035.9805
129.1390 7141.8691
129.1397 3481.5210
129.1404 889.9103
129.1411 218.5504
129.1418 0.0000
129.1425 0.0000
129.1432 0.0000
129.1439 0.0000
130.1288 0.0000
130.1295 0.0000
130.1302 0.0000
130.1309 0.0000
130.1316 323.9812
130.1324 949.8734
130.1331 3586.2371
130.1338 8795.0312
130.1345 14425.9004
130.1352 16673.4297
130.1359 11693.6699
130.1366 6209.4028
130.1373 1714.0920
130.1380 355.5201
130.1387 827.4111
130.1394 3581.7310
130.1401 8662.3496
130.1408 14451.0400
130.1415 16312.0195
130.1422 11481.9600
130.1429 6342.0098
130.1436 2060.2151
130.1443 733.7836
130.1450 566.0211
130.1457 1094.1060
130.1464 425.5488
130.1472 0.0000
130.1479 0.0000
130.1486 0.0000
130.1493 0.0000
131.1322 0.0000
131.1329 0.0000
131.1336 0.0000
131.1343 0.0000
131.1351 330.2709
131.1358 1287.6350
131.1365 4622.6558
131.1372 10178.2100
131.1379 16190.6602
131.1386 17378.1191
131.1393 11685.9902
131.1400 6003.7930
131.1408 1586.3040
131.1415 180.7119
131.1422 0.0000
131.1429 48.0988
131.1436 800.1449
131.1443 583.0712
131.1450 568.8265
131.1457 484.6556
131.1464 261.4792
131.1472 0.0000
131.1480 0.0000
131.1487 0.0000
131.1494 0.0000
133.0809 0.0000
133.0816 0.0000
133.0824 0.0000
133.0831 0.0000
133.0838 415.4693
133.0845 1532.5150
133.0853 2963.3899
133.0860 4312.2949
133.0867 3787.0811
133.0875 2227.9351
133.0882 803.9428
133.0889 14.0218
133.0895 0.0000
133.0902 0.0000
133.0910 0.0000
133.0917 0.0000
145.0924 0.0000
145.0932 0.0000
145.0940 0.0000
145.0949 0.0000
145.0957 382.2374
145.0965 679.6318
145.0974 791.9062
145.0982 647.9194
145.0990 364.6804
145.0999 0.0000
145.1007 0.0000
145.1015 0.0000
145.1024 0.0000
153.0494 0.0000
153.0503 0.0000
153.0512 0.0000
153.0521 0.0000
153.0530 368.1688
153.0539 641.5857
153.0548 714.6064
153.0557 530.1346
153.0566 242.6010
153.0575 0.0000
153.0584 0.0000
153.0592 0.0000
153.0601 0.0000
153.0970 0.0000
153.0979 0.0000
153.0988 0.0000
153.0997 0.0000
153.1006 267.7328
153.1015 515.2551
153.1024 612.2446
153.1033 483.5298
153.1042 237.2634
153.1050 0.0000
153.1059 0.0000
153.1068 0.0000
153.1077 0.0000
155.0754 0.0000
155.0763 0.0000
155.0772 0.0000
155.0781 0.0000
155.0790 248.5703
155.0799 567.2954
155.0809 827.6534
155.0818 854.3322
155.0827 626.0997
155.0836 302.5664
155.0846 0.0000
155.0855 0.0000
155.0864 0.0000
155.0873 0.0000
159.1272 0.0000
159.1281 0.0000
159.1291 0.0000
159.1300 0.0000
159.1310 264.5423
159.1319 482.6206
159.1329 584.8737
159.1338 502.6580
159.1348 290.3278
159.1357 0.0000
159.1366 0.0000
159.1376 0.0000
159.1385 0.0000
167.1095 0.0000
167.1106 0.0000
167.1116 0.0000
167.1126 0.0000
167.1136 135.8271
167.1147 630.9866
167.1157 2283.5549
167.1167 4199.1538
167.1177 5756.4722
167.1188 4731.4819
167.1198 2816.1670
167.1208 1061.0420
167.1218 361.9776
167.1229 0.0000
167.1240 0.0000
167.1250 0.0000
167.1260 0.0000
171.0698 0.0000
171.0709 0.0000
171.0720 0.0000
171.0730 0.0000
171.0741 360.0635
171.0751 699.6327
171.0762 905.4069
171.0773 814.5884
171.0783 497.1945
171.0794 177.9004
171.0805 0.0000
171.0815 0.0000
171.0826 0.0000
171.0836 0.0000
171.1049 0.0000
171.1059 0.0000
171.1070 0.0000
171.1081 0.0000
171.1091 333.0832
171.1102 1115.7930
171.1112 2253.9131
171.1123 3430.9309
171.1134 3353.4490
171.1144 2121.5449
171.1155 970.6967
171.1165 342.1249
171.1177 0.0000
171.1188 0.0000
171.1198 0.0000
171.1209 0.0000
173.0858 0.0000
173.0868 0.0000
173.0879 0.0000
173.0890 0.0000
173.0901 411.7220
173.0912 713.9587
173.0922 831.4165
173.0933 673.5407
173.0944 364.7008
173.0955 0.0000
173.0965 0.0000
173.0976 0.0000
173.0987 0.0000
175.1121 0.0000
175.1132 0.0000
175.1143 0.0000
175.1154 0.0000
175.1165 351.8108
175.1176 695.5845
175.1187 894.5705
175.1198 794.3336
175.1209 477.3016
175.1220 173.8402
175.1231 0.0000
175.1242 0.0000
175.1253 0.0000
175.1264 0.0000
176.1520 0.0000
176.1531 0.0000
176.1542 0.0000
176.1553 0.0000
176.1564 344.3243
176.1575 1159.0420
176.1587 2073.9209
176.1598 2759.1240
176.1609 2213.6479
176.1620 1244.5330
176.1631 482.0473
176.1642 172.1126
176.1653 0.0000
176.1664 0.0000
176.1675 0.0000
176.1686 0.0000
177.1050 0.0000
177.1061 0.0000
177.1072 0.0000
177.1083 0.0000
177.1095 216.3994
177.1106 480.6306
177.1117 688.1732
177.1128 679.4506
177.1139 451.0795
177.1150 0.0000
177.1161 0.0000
177.1173 0.0000
177.1184 0.0000
181.0542 0.0000
181.0554 0.0000
181.0565 0.0000
181.0577 0.0000
181.0588 336.4903
181.0600 615.3575
181.0612 733.1693
181.0623 601.1652
181.0635 322.9426
181.0646 0.0000
181.0658 0.0000
181.0669 0.0000
181.0681 0.0000
181.0889 0.0000
181.0900 0.0000
181.0912 0.0000
181.0924 0.0000
181.0935 186.2697
181.0947 545.0082
181.0958 946.2275
181.0970 1142.5500
181.0981 1003.7680
181.0993 639.1904
181.1005 295.7381
181.1017 0.0000
181.1029 0.0000
181.1040 0.0000
181.1052 0.0000
183.1392 0.0000
183.1404 0.0000
183.1415 0.0000
183.1427 0.0000
183.1439 293.1967
183.1451 918.3831
183.1462 3607.9189
183.1474 8214.8936
183.1486 13211.9404
183.1498 14138.1396
183.1509 9390.4785
183.1521 4693.2598
183.1533 1212.1130
183.1545 261.6302
183.1556 0.0000
183.1568 0.0000
183.1580 0.0000
183.1592 0.0000
184.1009 0.0000
184.1021 0.0000
184.1033 0.0000
184.1045 0.0000
184.1057 312.7509
184.1069 490.4834
184.1080 558.9820
184.1092 490.0189
184.1104 326.2126
184.1116 0.0000
184.1128 0.0000
184.1140 0.0000
184.1151 0.0000
185.0834 0.0000
185.0846 0.0000
185.0858 0.0000
185.0870 0.0000
185.0882 163.0518
185.0894 509.4215
185.0906 975.8497
185.0918 1262.7720
185.0930 1145.1260
185.0942 707.4145
185.0953 268.7072
185.0965 0.0000
185.0977 0.0000
185.0989 0.0000
185.1001 0.0000
188.1519 0.0000
188.1531 0.0000
188.1543 0.0000
188.1556 0.0000
188.1568 378.9629
188.1580 733.7924
188.1592 958.9210
188.1605 892.1782
188.1617 585.0644
188.1629 248.3625
188.1642 0.0000
188.1654 0.0000
188.1667 0.0000
188.1679 0.0000
195.0691 0.0000
195.0704 0.0000
195.0717 0.0000
195.0730 0.0000
195.0743 377.0869
195.0756 660.0563
195.0769 791.3679
195.0782 669.4111
195.0795 384.2924
195.0808 0.0000
195.0821 0.0000
195.0834 0.0000
195.0847 0.0000
195.1028 0.0000
195.1041 0.0000
195.1054 0.0000
195.1067 0.0000
195.1080 455.3602
195.1093 2121.9910
195.1106 5737.9780
195.1118 9691.0537
195.1131 11745.9805
195.1144 8581.4951
195.1157 4779.5640
195.1170 1419.3970
195.1183 329.3136
195.1197 0.0000
195.1210 0.0000
195.1222 0.0000
195.1235 0.0000
199.0615 0.0000
199.0628 0.0000
199.0641 0.0000
199.0655 0.0000
199.0668 435.3667
199.0681 1540.6550
199.0695 3311.2920
199.0708 5224.9429
199.0721 5404.2871
199.0735 3474.0840
199.0748 1621.0341
199.0761 292.6014
199.0778 0.0000
199.0791 0.0000
199.0805 0.0000
199.0818 0.0000
199.0978 0.0000
199.0991 0.0000
199.1004 0.0000
199.1018 0.0000
199.1031 354.0376
199.1044 1161.9020
199.1058 2939.1340
199.1071 4930.1509
199.1084 6023.1138
199.1098 4426.6470
199.1111 2427.8560
199.1124 581.5162
199.1138 0.0000
199.1146 0.0000
199.1159 0.0000
199.1173 0.0000
199.1186 0.0000
199.1719 0.0000
199.1733 0.0000
199.1746 0.0000
199.1759 0.0000
199.1773 310.5322
199.1786 627.0833
199.1799 854.0196
199.1813 850.6352
199.1826 623.1600
199.1839 318.8349
199.1853 0.0000
199.1866 0.0000
199.1880 0.0000
199.1893 0.0000
209.0814 0.0000
209.0829 0.0000
209.0843 0.0000
209.0857 0.0000
209.0872 129.6901
209.0886 488.1496
209.0900 987.7208
209.0915 1301.5850
209.0929 1192.3420
209.0943 750.8373
209.0958 301.4277
209.0972 0.0000
209.0987 0.0000
209.1001 0.0000
209.1015 0.0000
211.1310 0.0000
211.1325 0.0000
211.1339 0.0000
211.1354 0.0000
211.1368 0.0000
211.1383 539.6241
211.1397 2411.9480
211.1412 7100.4019
211.1426 12126.7803
211.1441 15756.2998
211.1456 12429.8301
211.1470 7315.3369
211.1485 2530.4680
211.1499 539.2303
211.1514 0.0000
211.1528 0.0000
211.1543 0.0000
211.1557 0.0000
211.1572 0.0000
212.0916 0.0000
212.0931 0.0000
212.0945 0.0000
212.0960 0.0000
212.0975 221.9649
212.0989 718.5535
212.1004 1807.9020
212.1019 3016.8450
212.1033 3379.0659
212.1048 2279.4319
212.1063 1145.0900
212.1077 386.0780
212.1092 0.0000
212.1107 0.0000
212.1121 0.0000
212.1136 0.0000
212.1385 0.0000
212.1400 0.0000
212.1414 0.0000
212.1429 0.0000
212.1444 368.3703
212.1458 846.9567
212.1473 1176.1880
212.1488 1115.6190
212.1502 726.7816
212.1517 311.5168
212.1531 0.0000
212.1546 0.0000
212.1561 0.0000
212.1575 0.0000
213.0765 0.0000
213.0780 0.0000
213.0795 0.0000
213.0809 0.0000
213.0824 288.8241
213.0839 1336.3640
213.0854 2591.0200
213.0868 3690.7100
213.0883 3052.1699
213.0898 1751.6050
213.0913 547.7296
213.0927 37.7267
213.0943 0.0000
213.0957 0.0000
213.0972 0.0000
213.0987 0.0000
217.6190 0.0000
217.6205 0.0000
217.6221 0.0000
217.6236 0.0000
217.6251 333.8245
217.6266 510.5711
217.6281 565.1652
217.6297 458.9352
217.6312 254.0146
217.6327 0.0000
217.6342 0.0000
217.6357 0.0000
217.6373 0.0000
227.0566 0.0000
227.0582 0.0000
227.0598 0.0000
227.0615 0.0000
227.0631 230.5724
227.0647 509.5058
227.0663 640.8220
227.0680 512.1262
227.0696 237.1421
227.0713 0.0000
227.0729 0.0000
227.0745 0.0000
227.0762 0.0000
227.0875 0.0000
227.0891 0.0000
227.0908 0.0000
227.0924 0.0000
227.0940 350.6274
227.0956 517.0730
227.0973 1623.8740
227.0989 5458.7632
227.1005 10680.3604
227.1021 15917.6797
227.1038 14962.5400
227.1054 9368.4297
227.1070 4170.6792
227.1086 1026.0670
227.1102 190.8392
227.1118 0.0000
227.1135 0.0000
227.1151 0.0000
227.1167 0.0000
230.1018 0.0000
230.1035 0.0000
230.1051 0.0000
230.1068 0.0000
230.1085 144.8882
230.1101 496.6606
230.1118 960.3271
230.1134 1235.6160
230.1151 1101.8970
230.1167 660.4599
230.1184 231.3820
230.1201 0.0000
230.1217 0.0000
230.1234 0.0000
230.1250 0.0000
230.1532 0.0000
230.1548 0.0000
230.1565 0.0000
230.1581 0.0000
230.1598 352.8643
230.1615 449.6820
230.1631 588.1209
230.1648 2099.8970
230.1664 7501.5640
230.1681 14661.9004
230.1697 21733.3301
230.1714 20011.2402
230.1730 12388.6104
230.1747 5363.2710
230.1764 1411.4360
230.1780 415.3132
230.1797 0.0000
230.1813 0.0000
230.1830 0.0000
230.1846 0.0000
231.0850 0.0000
231.0866 0.0000
231.0883 0.0000
231.0900 0.0000
231.0916 293.6894
231.0933 519.7269
231.0950 1624.7400
231.0966 2780.6599
231.0983 3291.0569
231.1000 2297.0730
231.1016 1184.8170
231.1033 273.4114
231.1050 0.0000
231.1066 0.0000
231.1083 0.0000
231.1100 0.0000
231.1616 0.0000
231.1633 0.0000
231.1650 0.0000
231.1666 0.0000
231.1683 153.8506
231.1700 498.6291
231.1716 906.9056
231.1733 1109.4449
231.1750 944.5854
231.1766 536.7525
231.1783 179.3090
231.1802 0.0000
231.1819 0.0000
231.1835 0.0000
231.1852 0.0000
241.0687 0.0000
241.0705 0.0000
241.0723 0.0000
241.0741 0.0000
241.0758 405.5319
241.0776 1525.3380
241.0794 3019.3611
241.0812 4537.7651
241.0829 4240.0171
241.0847 2570.7300
241.0865 1027.0570
241.0883 128.1726
241.0898 0.0000
241.0915 0.0000
241.0933 0.0000
241.0951 0.0000
242.0746 0.0000
242.0764 0.0000
242.0781 0.0000
242.0799 0.0000
242.0817 348.3249
242.0835 548.9562
242.0853 645.2295
242.0871 555.4852
242.0889 325.5989
242.0906 0.0000
242.0924 0.0000
242.0942 0.0000
242.0960 0.0000
242.0996 0.0000
242.1014 0.0000
242.1031 0.0000
242.1049 0.0000
242.1067 194.8718
242.1085 540.9426
242.1103 1599.8990
242.1121 2742.1069
242.1139 3286.9099
242.1157 2307.5049
242.1174 1175.9561
242.1192 230.1356
242.1211 0.0000
242.1229 0.0000
242.1247 0.0000
242.1265 0.0000
244.1149 0.0000
244.1167 0.0000
244.1185 0.0000
244.1203 0.0000
244.1221 152.6635
244.1240 1074.7770
244.1258 3068.9380
244.1276 5236.5771
244.1294 6395.7622
244.1312 4692.7998
244.1330 2614.2419
244.1348 748.3467
244.1366 109.1268
244.1384 0.0000
244.1402 0.0000
244.1420 0.0000
244.1438 0.0000
244.8255 0.0000
244.8273 0.0000
244.8291 0.0000
244.8309 0.0000
244.8328 240.4634
244.8346 452.6451
244.8364 547.0359
244.8382 467.6396
244.8400 282.1351
244.8418 0.0000
244.8437 0.0000
244.8455 0.0000
244.8473 0.0000
248.1677 0.0000
248.1696 0.0000
248.1714 0.0000
248.1733 0.0000
248.1751 303.5616
248.1770 795.6879
248.1788 1905.2140
248.1807 2645.8230
248.1826 2201.8450
248.1844 1251.5880
248.1863 550.4714
248.1881 230.9135
248.1899 0.0000
248.1918 0.0000
248.1936 0.0000
248.1955 0.0000
259.0777 0.0000
259.0797 0.0000
259.0817 0.0000
259.0836 0.0000
259.0856 285.9592
259.0876 1267.4480
259.0896 2590.1060
259.0916 3935.8301
259.0935 3697.5811
259.0955 2294.1370
259.0975 1003.8990
259.0995 198.1279
259.1015 0.0000
259.1035 0.0000
259.1055 0.0000
259.1075 0.0000
263.2268 0.0000
263.2289 0.0000
263.2309 0.0000
263.2329 0.0000
263.2349 320.1205
263.2370 529.2866
263.2390 606.7230
263.2410 497.7904
263.2430 272.0901
263.2450 0.0000
263.2471 0.0000
263.2491 0.0000
263.2511 0.0000
270.0929 0.0000
270.0950 0.0000
270.0971 0.0000
270.0992 0.0000
270.1013 281.8152
270.1034 591.6451
270.1055 1613.3010
270.1076 2705.4331
270.1097 2830.5310
270.1118 1883.1520
270.1139 636.1758
270.1160 186.5218
270.1181 0.0000
270.1202 0.0000
270.1223 0.0000
270.1244 0.0000
273.1972 0.0000
273.1993 0.0000
273.2014 0.0000
273.2036 0.0000
273.2057 335.4984
273.2079 821.0507
273.2100 1690.1230
273.2121 2490.5959
273.2143 2108.3259
273.2164 1206.2960
273.2186 424.8037
273.2208 0.0000
273.2229 0.0000
273.2251 0.0000
273.2272 0.0000
278.1353 0.0000
278.1375 0.0000
278.1397 0.0000
278.1419 0.0000
278.1441 378.6401
278.1463 780.7773
278.1485 1104.0450
278.1507 1156.5081
278.1529 923.1633
278.1551 561.0020
278.1573 253.5159
278.1595 0.0000
278.1617 0.0000
278.1639 0.0000
278.1661 0.0000
280.1881 0.0000
280.1904 0.0000
280.1926 0.0000
280.1948 0.0000
280.1970 282.8335
280.1992 586.3773
280.2015 751.0735
280.2037 659.6790
280.2059 388.6494
280.2081 0.0000
280.2104 0.0000
280.2126 0.0000
280.2148 0.0000
282.0951 0.0000
282.0974 0.0000
282.0996 0.0000
282.1019 0.0000
282.1041 415.4952
282.1064 804.7051
282.1086 1005.1020
282.1109 864.5748
282.1131 496.4534
282.1154 167.5467
282.1177 0.0000
282.1199 0.0000
282.1222 0.0000
282.1244 0.0000
296.1106 0.0000
296.1130 0.0000
296.1154 0.0000
296.1179 0.0000
296.1203 262.1898
296.1227 551.7696
296.1251 695.2310
296.1275 571.4667
296.1299 284.7459
296.1324 0.0000
296.1348 0.0000
296.1372 0.0000
296.1396 0.0000
296.1469 0.0000
296.1493 0.0000
296.1517 0.0000
296.1541 0.0000
296.1565 356.3573
296.1589 596.8818
296.1614 690.0201
296.1638 557.6807
296.1662 287.5049
296.1686 0.0000
296.1710 0.0000
296.1734 0.0000
296.1759 0.0000
301.1870 0.0000
301.1895 0.0000
301.1919 0.0000
301.1944 0.0000
301.1969 150.3181
301.1994 745.3885
301.2018 2607.1560
301.2043 4868.6479
301.2068 6916.4419
301.2093 6028.1919
301.2118 3643.1851
301.2142 1451.7150
301.2167 281.2177
301.2192 0.0000
301.2217 0.0000
301.2242 0.0000
301.2266 0.0000
302.1960 0.0000
302.1985 0.0000
302.2010 0.0000
302.2034 0.0000
302.2059 353.6390
302.2084 640.6743
302.2109 748.6207
302.2134 603.7556
302.2159 332.0263
302.2184 0.0000
302.2209 0.0000
302.2234 0.0000
302.2259 0.0000
306.0925 0.0000
306.0951 0.0000
306.0976 0.0000
306.1002 0.0000
306.1027 416.3848
306.1052 690.1436
306.1078 787.5889
306.1103 624.7930
306.1129 314.8447
306.1159 0.0000
306.1184 0.0000
306.1210 0.0000
306.1235 0.0000
308.1761 0.0000
308.1787 0.0000
308.1812 0.0000
308.1838 0.0000
308.1864 192.6416
308.1889 719.9319
308.1915 2276.1960
308.1941 4148.7451
308.1966 5829.3589
308.1992 4968.6499
308.2018 2919.2871
308.2043 1037.5341
308.2069 87.8615
308.2090 0.0000
308.2115 0.0000
308.2141 0.0000
308.2167 0.0000
310.0857 0.0000
310.0883 0.0000
310.0909 0.0000
310.0934 0.0000
310.0960 422.7898
310.0986 926.8747
310.1012 1772.8180
310.1038 2306.9250
310.1064 1706.8060
310.1090 687.2770
310.1116 232.6352
310.1142 0.0000
310.1168 0.0000
310.1193 0.0000
310.1219 0.0000
310.1245 0.0000
310.1271 0.0000
310.1297 0.0000
310.1323 443.8026
310.1349 1239.9139
310.1375 2157.6560
310.1401 2645.2251
310.1427 1881.4630
310.1452 964.4581
310.1478 358.2197
310.1505 0.0000
310.1531 0.0000
310.1557 0.0000
310.1583 0.0000
315.2431 0.0000
315.2458 0.0000
315.2484 0.0000
315.2511 0.0000
315.2537 287.0668
315.2564 596.1018
315.2590 758.5701
315.2617 648.7416
315.2643 360.6066
315.2670 0.0000
315.2696 0.0000
315.2723 0.0000
315.2750 0.0000
323.1177 0.0000
323.1204 0.0000
323.1232 0.0000
323.1259 0.0000
323.1287 429.4805
323.1314 835.4947
323.1342 1086.3800
323.1370 993.9205
323.1397 624.5251
323.1425 247.5337
323.1452 0.0000
323.1480 0.0000
323.1507 0.0000
323.1535 0.0000
324.1006 0.0000
324.1033 0.0000
324.1061 0.0000
324.1089 0.0000
324.1116 362.4666
324.1144 899.3585
324.1172 2066.2529
324.1199 2286.9180
324.1227 1472.5291
324.1255 661.2033
324.1282 319.5549
324.1310 0.0000
324.1338 0.0000
324.1365 0.0000
324.1393 0.0000
324.2085 0.0000
324.2113 0.0000
324.2140 0.0000
324.2168 0.0000
324.2196 318.0252
324.2223 1416.9080
324.2251 2620.1060
324.2279 3557.7910
324.2307 2793.2280
324.2334 1593.9570
324.2362 475.7134
324.2390 234.9018
324.2417 0.0000
324.2445 0.0000
324.2473 0.0000
324.2500 0.0000
327.1464 0.0000
327.1492 0.0000
327.1520 0.0000
327.1548 0.0000
327.1576 180.4872
327.1604 531.0538
327.1633 966.9998
327.1661 1216.7240
327.1689 1086.4449
327.1717 667.8154
327.1745 254.3069
327.1777 0.0000
327.1805 0.0000
327.1833 0.0000
327.1861 0.0000
328.0917 0.0000
328.0946 0.0000
328.0974 0.0000
328.1002 0.0000
328.1030 127.3077
328.1058 887.1866
328.1087 2681.9021
328.1115 4620.5962
328.1143 5794.0991
328.1171 4342.2720
328.1199 2460.0630
328.1228 677.9616
328.1256 58.6826
328.1280 0.0000
328.1308 0.0000
328.1337 0.0000
328.1365 0.0000
329.2727 0.0000
329.2755 0.0000
329.2783 0.0000
329.2812 0.0000
329.2840 372.1059
329.2869 610.0302
329.2897 654.6546
329.2925 475.9192
329.2954 218.9847
329.2982 0.0000
329.3010 0.0000
329.3038 0.0000
329.3067 0.0000
336.1980 0.0000
336.2009 0.0000
336.2038 0.0000
336.2067 0.0000
336.2096 361.2975
336.2126 722.7714
336.2155 1021.6240
336.2184 1073.0250
336.2213 846.8974
336.2243 490.6795
336.2272 188.7875
336.2301 0.0000
336.2330 0.0000
336.2360 0.0000
336.2389 0.0000
337.1296 0.0000
337.1325 0.0000
337.1355 0.0000
337.1384 0.0000
337.1413 182.3095
337.1443 471.4919
337.1472 820.5717
337.1501 1021.0940
337.1531 926.7637
337.1560 602.8595
337.1589 260.3778
337.1620 0.0000
337.1649 0.0000
337.1678 0.0000
337.1708 0.0000
341.1252 0.0000
341.1282 0.0000
341.1311 0.0000
341.1341 0.0000
341.1371 224.7037
341.1401 562.7453
341.1431 875.7501
341.1461 945.1115
341.1491 718.9176
341.1521 365.1066
341.1550 0.0000
341.1580 0.0000
341.1610 0.0000
341.1640 0.0000
342.1074 0.0000
342.1104 0.0000
342.1134 0.0000
342.1164 0.0000
342.1194 29.1331
342.1224 778.2408
342.1254 1935.0720
342.1284 3171.7170
342.1314 3245.9070
342.1344 2104.5281
342.1374 1015.1450
342.1404 256.1660
342.1434 0.0000
342.1464 0.0000
342.1494 0.0000
342.1524 0.0000
348.2108 0.0000
348.2139 0.0000
348.2170 0.0000
348.2201 0.0000
348.2232 309.4854
348.2263 537.5464
348.2293 645.0630
348.2324 554.6701
348.2355 319.3045
348.2386 0.0000
348.2417 0.0000
348.2447 0.0000
348.2478 0.0000
352.0951 0.0000
352.0983 0.0000
352.1014 0.0000
352.1045 0.0000
352.1077 219.4399
352.1108 560.7439
352.1139 765.8806
352.1171 660.6695
352.1202 349.7196
352.1233 0.0000
352.1265 0.0000
352.1296 0.0000
352.1327 0.0000
352.1421 0.0000
352.1453 0.0000
352.1484 0.0000
352.1515 0.0000
352.1547 281.2476
352.1578 614.8049
352.1609 834.4547
352.1641 768.3135
352.1672 476.0353
352.1703 186.5125
352.1735 0.0000
352.1766 0.0000
352.1797 0.0000
352.1829 0.0000
353.1251 0.0000
353.1283 0.0000
353.1314 0.0000
353.1346 0.0000
353.1377 255.9669
353.1409 611.7007
353.1440 877.6774
353.1472 843.9875
353.1503 536.9839
353.1535 199.3486
353.1566 0.0000
353.1598 0.0000
353.1629 0.0000
353.1661 0.0000
355.1289 0.0000
355.1321 0.0000
355.1353 0.0000
355.1385 0.0000
355.1416 365.1176
355.1448 489.0755
355.1480 860.4760
355.1512 2908.7649
355.1543 9364.1084
355.1575 16989.2500
355.1607 23603.8496
355.1639 20002.8496
355.1670 12014.5098
355.1702 4643.8921
355.1734 1139.0090
355.1766 221.2685
355.1797 0.0000
355.1829 0.0000
355.1860 0.0000
355.1892 0.0000
356.0862 0.0000
356.0894 0.0000
356.0926 0.0000
356.0957 0.0000
356.0989 360.1551
356.1021 874.4648
356.1053 1792.6320
356.1085 2594.1399
356.1117 2200.6899
356.1149 939.9486
356.1181 386.2679
356.1212 0.0000
356.1244 0.0000
356.1276 0.0000
356.1308 0.0000
356.1404 0.0000
356.1436 0.0000
356.1467 0.0000
356.1499 0.0000
356.1531 251.5280
356.1563 1135.3860
356.1595 2225.0320
356.1627 3324.5259
356.1659 3309.4609
356.1691 2110.8220
356.1722 956.7034
356.1754 104.7812
356.1786 0.0000
356.1818 0.0000
356.1850 0.0000
356.1882 0.0000
360.1196 0.0000
360.1228 0.0000
360.1260 0.0000
360.1293 0.0000
360.1325 436.4702
360.1358 900.3334
360.1390 1239.0320
360.1423 1201.8110
360.1455 820.6985
360.1487 373.9407
360.1520 0.0000
360.1552 0.0000
360.1585 0.0000
360.1617 0.0000
360.2265 0.0000
360.2298 0.0000
360.2330 0.0000
360.2363 0.0000
360.2395 264.1255
360.2428 533.1403
360.2460 653.3694
360.2492 533.1453
360.2525 275.0981
360.2557 0.0000
360.2590 0.0000
360.2622 0.0000
360.2655 0.0000
363.1889 0.0000
363.1922 0.0000
363.1955 0.0000
363.1988 0.0000
363.2021 236.8334
363.2053 466.1216
363.2086 588.8043
363.2119 531.3225
363.2152 341.9149
363.2186 0.0000
363.2219 0.0000
363.2251 0.0000
363.2284 0.0000
370.1043 0.0000
370.1076 0.0000
370.1110 0.0000
370.1144 0.0000
370.1178 437.1259
370.1211 726.1699
370.1245 805.8166
370.1279 609.6399
370.1313 287.4266
370.1346 0.0000
370.1380 0.0000
370.1414 0.0000
370.1448 0.0000
370.1482 0.0000
370.1515 0.0000
370.1549 0.0000
370.1583 0.0000
370.1617 428.4130
370.1650 798.5914
370.1684 1077.8311
370.1718 1095.7841
370.1752 834.9538
370.1786 454.2350
370.1819 0.0000
370.1853 0.0000
370.1887 0.0000
370.1921 0.0000
371.1329 0.0000
371.1363 0.0000
371.1397 0.0000
371.1431 0.0000
371.1465 317.3982
371.1499 789.9710
371.1533 1636.0710
371.1567 2237.0520
371.1601 1722.3831
371.1635 746.4145
371.1669 270.4569
371.1702 0.0000
371.1736 0.0000
371.1770 0.0000
371.1804 0.0000
375.2530 0.0000
375.2564 0.0000
375.2599 0.0000
375.2633 0.0000
375.2668 348.0977
375.2702 650.3975
375.2737 810.3893
375.2771 720.0125
375.2806 444.7288
375.2840 0.0000
375.2874 0.0000
375.2909 0.0000
375.2943 0.0000
376.2444 0.0000
376.2478 0.0000
376.2513 0.0000
376.2548 0.0000
376.2582 288.2927
376.2617 839.0526
376.2651 3501.4609
376.2686 11112.5996
376.2721 19572.1992
376.2755 26466.2402
376.2790 21690.6797
376.2824 12899.5801
376.2859 4775.0811
376.2894 1059.0640
376.2928 41.3983
376.2963 0.0000
376.2998 0.0000
376.3032 0.0000
376.3067 0.0000
377.2293 0.0000
377.2328 0.0000
377.2362 0.0000
377.2397 0.0000
377.2432 187.1529
377.2467 583.2311
377.2501 1146.9150
377.2536 2217.1111
377.2571 1883.8320
377.2606 1111.6910
377.2640 405.3435
377.2675 405.1397
377.2710 1252.6949
377.2745 2338.8259
377.2779 3397.7400
377.2814 3071.8779
377.2849 1850.4370
377.2884 743.4097
377.2918 59.4748
377.2953 0.0000
377.2988 0.0000
377.3023 0.0000
377.3058 0.0000
378.2355 0.0000
378.2390 0.0000
378.2425 0.0000
378.2460 0.0000
378.2495 387.9840
378.2530 600.2051
378.2565 648.7713
378.2599 501.7426
378.2634 265.5118
378.2669 0.0000
378.2704 0.0000
378.2739 0.0000
378.2774 0.0000
381.1196 0.0000
381.1232 0.0000
381.1267 0.0000
381.1302 0.0000
381.1337 253.2495
381.1373 593.5735
381.1408 840.2632
381.1443 792.6071
381.1479 492.3664
381.1514 183.5226
381.1549 0.0000
381.1584 0.0000
381.1620 0.0000
381.1655 0.0000
388.2073 0.0000
388.2109 0.0000
388.2146 0.0000
388.2182 0.0000
388.2218 190.2948
388.2255 484.2865
388.2291 1965.9340
388.2327 5386.2720
388.2363 9083.0010
388.2400 10947.6904
388.2436 7910.4458
388.2472 4342.9429
388.2508 1296.7800
388.2545 392.4007
388.2581 0.0000
388.2617 0.0000
388.2654 0.0000
388.2690 0.0000
389.2141 0.0000
389.2178 0.0000
389.2214 0.0000
389.2250 0.0000
389.2287 355.0386
389.2323 889.1643
389.2360 1911.1630
389.2396 2984.9351
389.2433 3014.5750
389.2469 1990.3230
389.2505 982.4240
389.2542 266.5004
389.2578 0.0000
389.2615 0.0000
389.2651 0.0000
389.2688 0.0000
391.7502 0.0000
391.7538 0.0000
391.7575 0.0000
391.7612 0.0000
391.7649 370.6117
391.7685 635.1803
391.7722 696.1019
391.7759 514.1573
391.7796 230.0838
391.7832 0.0000
391.7869 0.0000
391.7906 0.0000
391.7943 0.0000
393.2400 0.0000
393.2437 0.0000
393.2474 0.0000
393.2511 0.0000
393.2548 284.2991
393.2585 507.8042
393.2622 600.0311
393.2659 482.6486
393.2696 260.7875
393.2733 201.2063
393.2770 505.6240
393.2807 1246.9680
393.2844 2009.5770
393.2881 1950.3300
393.2918 970.2305
393.2955 440.3308
393.2993 0.0000
393.3030 0.0000
393.3067 0.0000
393.3104 0.0000
395.1369 0.0000
395.1406 0.0000
395.1443 0.0000
395.1480 0.0000
395.1518 400.0819
395.1555 695.1920
395.1592 753.6716
395.1629 544.5467
395.1667 250.0898
395.1704 0.0000
395.1742 0.0000
395.1779 0.0000
395.1816 0.0000
399.1229 0.0000
399.1267 0.0000
399.1305 0.0000
399.1343 0.0000
399.1380 184.9984
399.1418 1034.0000
399.1456 2379.3159
399.1494 3840.4819
399.1532 3924.6521
399.1569 2489.7561
399.1607 1144.9430
399.1645 216.3802
399.1681 0.0000
399.1719 0.0000
399.1757 0.0000
399.1795 0.0000
400.7424 0.0000
400.7462 0.0000
400.7500 0.0000
400.7538 0.0000
400.7577 438.0038
400.7615 1237.3850
400.7653 4662.1299
400.7691 11450.8496
400.7729 18773.0703
400.7767 21492.5293
400.7805 15076.3203
400.7843 8114.8901
400.7881 2396.6021
400.7919 526.5681
400.7957 90.4893
400.7991 0.0000
400.8029 0.0000
400.8067 0.0000
400.8105 0.0000
401.2447 0.0000
401.2485 0.0000
401.2523 0.0000
401.2562 0.0000
401.2600 56.2505
401.2638 578.6622
401.2676 2548.1851
401.2714 5391.5659
401.2752 8439.3047
401.2790 8468.0332
401.2828 5474.3472
401.2867 2683.8291
401.2905 734.6025
401.2943 54.9938
401.2986 0.0000
401.3024 0.0000
401.3062 0.0000
401.3100 0.0000
401.7565 0.0000
401.7603 0.0000
401.7642 0.0000
401.7680 0.0000
401.7718 295.9299
401.7756 516.0853
401.7794 617.7129
401.7832 528.3353
401.7871 310.5106
401.7909 0.0000
401.7947 0.0000
401.7985 0.0000
401.8023 0.0000
402.2535 0.0000
402.2573 0.0000
402.2611 0.0000
402.2649 0.0000
402.2688 216.4897
402.2726 469.5642
402.2764 638.7941
402.2802 620.8386
402.2841 436.9801
402.2865 0.0000
402.2904 0.0000
402.2942 0.0000
402.2980 0.0000
405.2184 0.0000
405.2223 0.0000
405.2262 0.0000
405.2300 0.0000
405.2339 60.9226
405.2378 1008.4270
405.2416 3136.6321
405.2455 5376.6089
405.2494 6503.5708
405.2533 4697.4678
405.2571 2587.3430
405.2610 804.1857
405.2649 205.8573
405.2701 0.0000
405.2740 0.0000
405.2778 0.0000
405.2817 0.0000
406.2275 0.0000
406.2314 0.0000
406.2353 0.0000
406.2392 0.0000
406.2431 243.0768
406.2469 565.1937
406.2508 804.3992
406.2547 786.7349
406.2586 542.8041
406.2625 253.5759
406.2663 0.0000
406.2702 0.0000
406.2741 0.0000
406.2780 0.0000
420.1589 0.0000
420.1630 0.0000
420.1671 0.0000
420.1712 0.0000
420.1752 265.6372
420.1793 579.5519
420.1834 865.6614
420.1875 958.2317
420.1916 797.2278
420.1957 489.6580
420.1998 214.0642
420.2038 0.0000
420.2079 0.0000
420.2120 0.0000
420.2161 0.0000
421.1491 0.0000
421.1532 0.0000
421.1573 0.0000
421.1614 0.0000
421.1655 372.7724
421.1696 657.1978
421.1737 737.5220
421.1778 525.5687
421.1819 184.4315
421.1851 0.0000
421.1892 0.0000
421.1933 0.0000
421.1974 0.0000
421.2466 0.0000
421.2507 0.0000
421.2548 0.0000
421.2589 0.0000
421.2630 0.0000
421.2671 469.5803
421.2712 2191.5410
421.2753 4172.1079
421.2794 5975.5098
421.2835 5196.4399
421.2876 3155.2661
421.2917 1297.7070
421.2958 277.9999
421.3008 0.0000
421.3049 0.0000
421.3090 0.0000
421.3131 0.0000
426.0654 0.0000
426.0696 0.0000
426.0738 0.0000
426.0779 0.0000
426.0821 430.2641
426.0863 765.5441
426.0905 882.4457
426.0946 700.4676
426.0988 367.1579
426.1033 0.0000
426.1075 0.0000
426.1116 0.0000
426.1158 0.0000
438.1629 0.0000
438.1673 0.0000
438.1716 0.0000
438.1760 0.0000
438.1803 211.0793
438.1847 1231.2750
438.1890 4061.1189
438.1934 7420.0591
438.1977 10371.1396
438.2021 8863.9072
438.2064 5354.6211
438.2108 2098.8250
438.2151 492.2038
438.2195 81.5779
438.2237 0.0000
438.2280 0.0000
438.2324 0.0000
438.2367 0.0000
439.1169 0.0000
439.1213 0.0000
439.1257 0.0000
439.1300 0.0000
439.1344 200.3547
439.1388 505.1410
439.1431 805.6074
439.1475 934.7560
439.1518 834.6957
439.1562 587.9926
439.1606 351.7996
439.1649 0.0000
439.1693 0.0000
439.1737 666.5172
439.1780 1192.9330
439.1824 1062.1970
439.1868 536.7060
439.1911 0.0000
439.1955 70.1642
439.1999 594.3962
439.2042 927.3141
439.2086 835.0132
439.2130 473.0540
439.2173 161.0129
439.2217 0.0000
439.2261 0.0000
439.2304 0.0000
439.2348 0.0000
440.2669 0.0000
440.2713 0.0000
440.2757 0.0000
440.2801 0.0000
440.2845 373.3777
440.2888 988.1949
440.2932 1820.6470
440.2976 2290.6201
440.3020 1619.4340
440.3064 596.3066
440.3108 159.8456
440.3151 0.0000
440.3195 0.0000
440.3239 0.0000
440.3283 0.0000
448.7694 0.0000
448.7739 0.0000
448.7784 0.0000
448.7830 0.0000
448.7875 294.6859
448.7920 1050.9880
448.7965 2003.0170
448.8010 2835.6160
448.8055 2409.7859
448.8100 1431.3831
448.8145 487.1672
448.8190 150.7674
448.8236 0.0000
448.8281 0.0000
448.8327 0.0000
448.8372 0.0000
449.2524 0.0000
449.2569 0.0000
449.2614 0.0000
449.2659 0.0000
449.2704 0.0000
449.2749 985.4779
449.2795 1584.8890
449.2840 4123.9380
449.2885 14042.3203
449.2930 42479.6484
449.2975 74120.7188
449.3020 99215.3203
449.3066 80630.2031
449.3111 48006.6289
449.3156 17617.5605
449.3201 4569.0361
449.3246 1037.7250
449.3291 507.6548
449.3337 0.0000
449.3383 0.0000
449.3429 0.0000
449.3474 0.0000
449.3519 0.0000
449.7633 0.0000
449.7678 0.0000
449.7723 0.0000
449.7768 0.0000
449.7814 419.8296
449.7859 2114.5220
449.7904 7634.3750
449.7949 21894.5801
449.7995 37162.8086
449.8040 47734.7500
449.8085 37093.5195
449.8130 21777.3203
449.8176 7281.9902
449.8221 1731.9590
449.8266 218.9945
449.8309 0.0000
449.8354 0.0000
449.8400 0.0000
449.8445 0.0000
450.2656 0.0000
450.2701 0.0000
450.2747 0.0000
450.2792 0.0000
450.2837 123.1554
450.2883 731.5897
450.2928 2851.7180
450.2973 6624.9102
450.3019 10708.4297
450.3064 12091.4102
450.3109 8513.4082
450.3155 4630.7910
450.3200 1364.4010
450.3245 186.2689
450.3290 0.0000
450.3335 0.0000
450.3381 0.0000
450.3426 0.0000
450.7735 0.0000
450.7780 0.0000
450.7826 0.0000
450.7871 0.0000
450.7917 253.0962
450.7962 698.8943
450.8007 1682.7500
450.8053 2314.6479
450.8098 1892.2020
450.8144 805.9517
450.8189 315.5788
450.8234 0.0000
450.8280 0.0000
450.8325 0.0000
450.8371 0.0000
454.1604 0.0000
454.1650 0.0000
454.1696 0.0000
454.1742 0.0000
454.1788 225.8687
454.1834 620.1024
454.1879 1031.2400
454.1925 1211.2610
454.1971 1037.3230
454.2017 635.9678
454.2063 284.2109
454.2111 0.0000
454.2157 0.0000
454.2203 0.0000
454.2249 0.0000
456.1732 0.0000
456.1779 0.0000
456.1825 0.0000
456.1871 0.0000
456.1917 215.5293
456.1963 1047.0510
456.2010 2667.7009
456.2056 4433.6670
456.2102 5107.5151
456.2148 3554.0420
456.2195 1840.6150
456.2241 455.2589
456.2285 0.0000
456.2331 0.0000
456.2377 0.0000
456.2423 0.0000
457.1310 0.0000
457.1356 0.0000
457.1403 0.0000
457.1449 0.0000
457.1496 426.6703
457.1542 698.3715
457.1588 767.9150
457.1635 584.6310
457.1681 290.4577
457.1729 0.0000
457.1775 0.0000
457.1821 0.0000
457.1868 0.0000
467.1093 0.0000
467.1141 0.0000
467.1188 0.0000
467.1236 0.0000
467.1284 282.0379
467.1332 527.3524
467.1380 682.1761
467.1428 653.1685
467.1476 458.4279
467.1519 0.0000
467.1567 0.0000
467.1615 0.0000
467.1663 0.0000
473.2885 0.0000
473.2934 0.0000
473.2983 0.0000
473.3031 0.0000
473.3080 65.0928
473.3129 854.2791
473.3178 3088.1150
473.3227 5557.3740
473.3276 7601.6328
473.3324 6282.4150
473.3373 3715.9241
473.3422 1371.8840
473.3471 301.8081
473.3524 0.0000
473.3573 0.0000
473.3622 0.0000
473.3671 0.0000
474.3014 0.0000
474.3063 0.0000
474.3112 0.0000
474.3161 0.0000
474.3210 440.9763
474.3259 901.8577
474.3308 1226.5820
474.3357 1179.7520
474.3406 808.0269
474.3455 379.5403
474.3504 0.0000
474.3553 0.0000
474.3602 0.0000
474.3651 0.0000
476.2868 0.0000
476.2917 0.0000
476.2966 0.0000
476.3016 0.0000
476.3065 145.6467
476.3114 500.6377
476.3163 889.1490
476.3213 1052.9351
476.3262 888.7971
476.3311 535.8973
476.3361 213.9938
476.3413 0.0000
476.3462 0.0000
476.3511 0.0000
476.3561 0.0000
477.2745 0.0000
477.2795 0.0000
477.2844 0.0000
477.2894 0.0000
477.2943 469.9210
477.2992 551.5380
477.3042 1921.5601
477.3091 6965.4399
477.3141 20070.0195
477.3190 34014.2109
477.3240 43469.8594
477.3289 33448.2188
477.3339 19520.9707
477.3388 6331.0049
477.3438 1411.6930
477.3487 134.0200
477.3539 0.0000
477.3589 0.0000
477.3638 0.0000
477.3688 0.0000
478.2852 0.0000
478.2901 0.0000
478.2951 0.0000
478.3001 0.0000
478.3050 168.5891
478.3100 696.2346
478.3150 2470.6560
478.3199 4958.0381
478.3249 7522.1748
478.3298 7251.4858
478.3348 4588.8779
478.3398 2091.4041
478.3447 467.6743
478.3491 0.0000
478.3541 0.0000
478.3591 0.0000
478.3640 0.0000
481.1699 0.0000
481.1749 0.0000
481.1799 0.0000
481.1850 0.0000
481.1900 220.6132
481.1950 503.6684
481.2000 799.0034
481.2050 925.3386
481.2100 781.8090
481.2150 467.5099
481.2200 0.0000
481.2250 0.0000
481.2300 313.6751
481.2350 541.3264
481.2400 686.6411
481.2450 659.1976
481.2500 473.9950
481.2554 0.0000
481.2604 0.0000
481.2654 0.0000
481.2704 0.0000
482.1479 0.0000
482.1529 0.0000
482.1579 0.0000
482.1630 0.0000
482.1680 131.9800
482.1730 651.8777
482.1780 2223.0710
482.1831 3991.2271
482.1881 5427.6719
482.1931 4406.5889
482.1981 2542.0330
482.2031 818.1657
482.2082 53.8434
482.2128 0.0000
482.2178 0.0000
482.2229 0.0000
482.2279 0.0000
483.2793 0.0000
483.2843 0.0000
483.2893 0.0000
483.2944 0.0000
483.2994 244.5084
483.3045 731.8067
483.3095 1227.8940
483.3145 1389.0970
483.3196 1096.2400
483.3246 588.0474
483.3297 212.4137
483.3347 0.0000
483.3397 0.0000
483.3448 0.0000
483.3498 0.0000
488.7930 0.0000
488.7981 0.0000
488.8032 0.0000
488.8084 0.0000
488.8135 339.3087
488.8186 588.1212
488.8238 684.4716
488.8289 537.1414
488.8340 250.3452
488.8391 0.0000
488.8443 0.0000
488.8494 0.0000
488.8545 0.0000
490.3033 0.0000
490.3084 0.0000
490.3136 0.0000
490.3187 0.0000
490.3239 404.7982
490.3290 1247.2629
490.3342 2182.1150
490.3393 2750.6721
490.3445 2094.1799
490.3496 1186.8350
490.3548 396.0023
490.3599 0.0000
490.3651 0.0000
490.3702 0.0000
490.3754 0.0000
491.3089 0.0000
491.3140 0.0000
491.3192 0.0000
491.3244 0.0000
491.3295 399.8754
491.3347 787.9012
491.3399 1016.8120
491.3450 930.3182
491.3502 602.9426
491.3554 254.1461
491.3605 0.0000
491.3657 0.0000
491.3709 0.0000
491.3760 0.0000
497.2922 0.0000
497.2974 0.0000
497.3027 0.0000
497.3080 0.0000
497.3132 322.8661
497.3185 756.1514
497.3237 1201.8361
497.3290 1356.5389
497.3343 1121.2220
497.3395 674.0231
497.3448 277.4940
497.3502 0.0000
497.3554 0.0000
497.3607 0.0000
497.3660 0.0000
497.7660 0.0000
497.7713 0.0000
497.7765 0.0000
497.7818 0.0000
497.7871 378.9490
497.7923 689.1198
497.7976 1348.0780
497.8029 1548.8361
497.8081 4159.5571
497.8134 14618.4600
497.8187 38896.1797
497.8239 65072.4414
497.8292 79500.9531
497.8345 58750.9492
497.8397 33167.3711
497.8450 10424.1904
497.8503 2613.7500
497.8556 752.2185
497.8608 331.1640
497.8661 0.0000
497.8714 0.0000
497.8766 0.0000
497.8819 0.0000
498.2826 0.0000
498.2878 0.0000
498.2931 0.0000
498.2984 0.0000
498.3037 408.6997
498.3089 1633.5530
498.3142 5996.1489
498.3195 18035.0391
498.3248 30930.5508
498.3300 40338.0781
498.3353 31582.3594
498.3406 18538.3809
498.3459 6254.2549
498.3511 1608.3970
498.3564 456.7180
498.3618 0.0000
498.3671 0.0000
498.3724 0.0000
498.3776 0.0000
498.7895 0.0000
498.7948 0.0000
498.8000 0.0000
498.8053 0.0000
498.8106 485.9439
498.8159 2298.5701
498.8212 6210.9541
498.8265 10465.4600
498.8317 12715.5801
498.8370 9343.3027
498.8423 5239.6221
498.8476 1575.0820
498.8529 352.7540
498.8579 0.0000
498.8632 0.0000
498.8685 0.0000
498.8738 0.0000
499.2968 0.0000
499.3021 0.0000
499.3074 0.0000
499.3127 0.0000
499.3180 232.6117
499.3233 674.4678
499.3286 1176.2200
499.3338 1415.5420
499.3391 1234.3719
499.3444 784.8071
499.3497 360.4366
499.3530 0.0000
499.3582 0.0000
499.3635 0.0000
499.3688 0.0000
500.1583 0.0000
500.1636 0.0000
500.1690 0.0000
500.1743 0.0000
500.1796 328.0650
500.1849 1475.7900
500.1902 2778.5210
500.1955 3977.4900
500.2008 3497.3779
500.2061 2153.9290
500.2114 948.4209
500.2167 233.8970
500.2241 0.0000
500.2294 0.0000
500.2347 0.0000
500.2400 0.0000
501.1699 0.0000
501.1752 0.0000
501.1805 0.0000
501.1858 0.0000
501.1912 301.2076
501.1965 641.2936
501.2018 826.4056
501.2071 717.8113
501.2124 422.0281
501.2178 0.0000
501.2231 0.0000
501.2284 0.0000
501.2337 0.0000
501.2603 0.0000
501.2657 0.0000
501.2710 0.0000
501.2763 0.0000
501.2816 0.0000
501.2870 0.0000
501.2923 0.0000
501.2976 0.0000
501.3030 1400.6710
501.3083 5017.8911
501.3136 13390.4600
501.3189 22382.1309
501.3243 26995.5898
501.3296 19619.1504
501.3349 10859.2402
501.3402 3257.6499
501.3456 800.3375
501.3509 351.7159
501.3565 0.0000
501.3618 0.0000
501.3671 0.0000
501.3725 0.0000
502.2842 0.0000
502.2895 0.0000
502.2948 0.0000
502.3002 0.0000
502.3055 277.4692
502.3109 1109.9091
502.3162 3309.8120
502.3215 5662.1069
502.3269 7220.4009
502.3322 5457.0620
502.3376 3064.8870
502.3429 887.5526
502.3482 92.7850
502.3532 0.0000
502.3586 0.0000
502.3639 0.0000
502.3693 0.0000
503.2944 0.0000
503.2998 0.0000
503.3051 0.0000
503.3105 0.0000
503.3158 395.6482
503.3212 649.8494
503.3265 720.6016
503.3319 558.4457
503.3372 288.7278
503.3428 0.0000
503.3481 0.0000
503.3535 0.0000
503.3588 0.0000
509.1935 0.0000
509.1990 0.0000
509.2044 0.0000
509.2099 0.0000
509.2153 224.6356
509.2208 543.0651
509.2262 1211.5940
509.2317 2140.5630
509.2371 2502.8921
509.2426 1761.4060
509.2480 744.9238
509.2535 307.8413
509.2594 0.0000
509.2648 0.0000
509.2703 0.0000
509.2757 0.0000
518.2891 0.0000
518.2947 0.0000
518.3003 0.0000
518.3059 0.0000
518.3115 324.9647
518.3171 669.2709
518.3227 2131.0769
518.3283 3843.9561
518.3339 5080.6948
518.3395 3937.2830
518.3451 2224.7041
518.3507 597.5986
518.3563 43.5381
518.3614 0.0000
518.3670 0.0000
518.3726 0.0000
518.3782 0.0000
519.2974 0.0000
519.3030 0.0000
519.3087 0.0000
519.3143 0.0000
519.3199 365.2304
519.3255 797.1895
519.3311 1261.0500
519.3367 2404.0459
519.3423 1885.3530
519.3479 860.3555
519.3536 402.2134
519.3592 0.0000
519.3648 0.0000
519.3704 0.0000
519.3760 0.0000
522.1490 0.0000
522.1546 0.0000
522.1603 0.0000
522.1660 0.0000
522.1716 411.4001
522.1773 736.7602
522.1829 859.6502
522.1886 681.6475
522.1942 348.6382
522.1999 0.0000
522.2056 0.0000
522.2112 0.0000
522.2169 0.0000
522.2905 0.0000
522.2961 0.0000
522.3018 0.0000
522.3075 0.0000
522.3131 334.5686
522.3188 817.2966
522.3244 1222.1310
522.3301 1257.3130
522.3358 926.2474
522.3414 489.3067
522.3471 0.0000
522.3528 0.0000
522.3584 0.0000
522.3641 0.0000
527.2104 0.0000
527.2161 0.0000
527.2218 0.0000
527.2276 0.0000
527.2333 494.9839
527.2391 962.8057
527.2448 1262.2610
527.2506 1165.3831
527.2563 745.4697
527.2620 305.3939
527.2678 0.0000
527.2735 0.0000
527.2793 0.0000
527.2850 0.0000
528.1532 0.0000
528.1589 0.0000
528.1647 0.0000
528.1704 0.0000
528.1762 166.1753
528.1820 1042.0000
528.1877 2043.9659
528.1935 2935.3770
528.1992 2464.4910
528.2050 1413.9130
528.2107 531.0084
528.2165 197.1176
528.2223 0.0000
528.2280 0.0000
528.2338 0.0000
528.2395 0.0000
529.1620 0.0000
529.1678 0.0000
529.1736 0.0000
529.1793 0.0000
529.1851 319.9085
529.1909 648.1396
529.1967 856.0630
529.2024 776.8855
529.2082 465.6016
529.2140 0.0000
529.2198 0.0000
529.2255 0.0000
529.2313 0.0000
539.3104 0.0000
539.3163 0.0000
539.3223 0.0000
539.3282 0.0000
539.3341 276.0777
539.3401 612.7504
539.3460 861.3839
539.3520 857.6227
539.3579 615.0471
539.3638 303.1649
539.3698 0.0000
539.3757 0.0000
539.3817 0.0000
539.3876 0.0000
540.1489 0.0000
540.1548 0.0000
540.1608 0.0000
540.1667 0.0000
540.1727 212.2505
540.1786 498.3701
540.1846 996.7678
540.1906 1823.2020
540.1965 1359.3680
540.2025 960.2881
540.2084 459.6143
540.2144 0.0000
540.2203 0.0000
540.2263 0.0000
540.2322 0.0000
548.8194 0.0000
548.8255 0.0000
548.8316 0.0000
548.8377 0.0000
548.8438 392.8669
548.8499 601.8459
548.8560 657.8972
548.8620 527.6526
548.8681 299.4042
548.8742 0.0000
548.8803 0.0000
548.8864 0.0000
548.8925 0.0000
551.2420 0.0000
551.2482 0.0000
551.2543 0.0000
551.2605 0.0000
551.2666 294.2237
551.2727 536.6394
551.2789 659.2512
551.2850 571.8076
551.2912 332.8027
551.2973 0.0000
551.3034 0.0000
551.3096 0.0000
551.3157 0.0000
558.1628 0.0000
558.1691 0.0000
558.1753 0.0000
558.1816 0.0000
558.1878 250.7141
558.1941 617.7555
558.2003 958.9510
558.2066 1036.9110
558.2128 798.5236
558.2191 425.1514
558.2272 0.0000
558.2334 0.0000
558.2397 0.0000
558.2459 0.0000
572.3445 0.0000
572.3510 0.0000
572.3575 0.0000
572.3640 0.0000
572.3705 355.4385
572.3770 986.6950
572.3835 2715.9619
572.3900 5063.9009
572.3965 7404.2661
572.4030 6896.7202
572.4095 4244.5352
572.4160 1834.9041
572.4225 278.4691
572.4271 0.0000
572.4336 0.0000
572.4401 0.0000
572.4466 0.0000
573.3571 0.0000
573.3636 0.0000
573.3701 0.0000
573.3766 0.0000
573.3832 428.4149
573.3897 966.0828
573.3962 1387.1460
573.4027 1883.6021
573.4092 984.8160
573.4157 481.9504
573.4222 0.0000
573.4287 0.0000
573.4353 0.0000
573.4418 0.0000
583.1900 0.0000
583.1967 0.0000
583.2033 0.0000
583.2100 0.0000
583.2167 225.4977
583.2234 606.1190
583.2301 1002.0830
583.2367 1139.9120
583.2434 912.9857
583.2501 496.2867
583.2568 0.0000
583.2635 0.0000
583.2701 0.0000
583.2768 0.0000
586.3622 0.0000
586.3689 0.0000
586.3757 0.0000
586.3824 0.0000
586.3891 371.6927
586.3959 1100.8480
586.4026 2129.5691
586.4093 3115.8940
586.4161 2767.5100
586.4228 1624.0980
586.4296 582.9337
586.4363 0.0000
586.4430 0.0000
586.4498 0.0000
586.4565 0.0000
586.4632 0.0000
588.2049 0.0000
588.2117 0.0000
588.2184 0.0000
588.2252 0.0000
588.2320 243.3958
588.2387 522.6143
588.2455 683.9412
588.2523 593.5836
588.2590 319.6364
588.2660 0.0000
588.2728 0.0000
588.2796 0.0000
588.2863 0.0000
590.3354 0.0000
590.3422 0.0000
590.3490 0.0000
590.3558 0.0000
590.3626 186.0496
590.3694 542.2481
590.3762 707.1713
590.3830 2016.4750
590.3898 7096.7969
590.3966 15742.6602
590.4034 25067.3398
590.4102 26695.8398
590.4170 17813.6309
590.4238 8997.4482
590.4306 2427.9441
590.4374 583.1362
590.4442 425.6167
590.4520 0.0000
590.4588 0.0000
590.4656 0.0000
590.4724 0.0000
591.3580 0.0000
591.3648 0.0000
591.3716 0.0000
591.3785 0.0000
591.3853 410.6148
591.3921 1607.6210
591.3989 4057.3550
591.4058 6725.5991
591.4126 7933.2178
591.4194 5693.4902
591.4262 3100.7371
591.4330 810.8453
591.4399 40.6958
591.4455 0.0000
591.4523 0.0000
591.4591 0.0000
591.4660 0.0000
593.1752 0.0000
593.1820 0.0000
593.1889 0.0000
593.1957 0.0000
593.2026 271.8882
593.2094 658.8316
593.2163 963.4905
593.2231 959.3384
593.2300 653.2133
593.2368 274.1085
593.2437 0.0000
593.2506 0.0000
593.2574 0.0000
593.2643 0.0000
594.1837 0.0000
594.1905 0.0000
594.1974 0.0000
594.2043 0.0000
594.2111 486.3338
594.2180 736.4797
594.2249 756.0480
594.2317 531.4713
594.2386 227.5867
594.2455 0.0000
594.2524 0.0000
594.2592 0.0000
594.2661 0.0000
596.2222 0.0000
596.2291 0.0000
596.2360 0.0000
596.2429 0.0000
596.2498 458.6242
596.2567 934.4329
596.2636 1288.4410
596.2705 1258.4410
596.2774 868.5251
596.2843 396.3921
596.2912 0.0000
596.2981 0.0000
596.3050 0.0000
596.3119 0.0000
599.3483 0.0000
599.3553 0.0000
599.3623 0.0000
599.3692 0.0000
599.3762 334.2232
599.3831 536.2814
599.3901 613.6763
599.3971 547.8762
599.4040 397.9477
599.4111 0.0000
599.4180 0.0000
599.4250 0.0000
599.4320 0.0000
600.3169 0.0000
600.3239 0.0000
600.3309 0.0000
600.3378 0.0000
600.3448 78.4631
600.3518 709.4233
600.3588 1030.4890
600.3657 3188.1919
600.3727 11275.4297
600.3797 26800.3809
600.3867 43652.5195
600.3936 49511.6289
600.4006 34648.8789
600.4076 18600.1094
600.4146 5542.0991
600.4216 1387.0300
600.4285 573.3881
600.4355 239.8652
600.4456 0.0000
600.4526 0.0000
600.4596 0.0000
600.4665 0.0000
601.3328 0.0000
601.3398 0.0000
601.3468 0.0000
601.3538 0.0000
601.3608 63.5579
601.3678 953.2011
601.3748 2446.5371
601.3817 5934.9170
601.3887 10266.8398
601.3957 14251.1699
601.4027 12681.8398
601.4097 7740.1162
601.4167 3125.6040
601.4237 364.6236
601.4275 0.0000
601.4345 0.0000
601.4415 0.0000
601.4485 0.0000
602.3519 0.0000
602.3589 0.0000
602.3659 0.0000
602.3729 0.0000
602.3800 206.7908
602.3870 619.5744
602.3940 1044.2170
602.4010 1170.5880
602.4080 909.1214
602.4150 470.8773
602.4221 0.0000
602.4291 0.0000
602.4361 0.0000
602.4431 0.0000
611.1768 0.0000
611.1840 0.0000
611.1912 0.0000
611.1983 0.0000
611.2055 156.3725
611.2127 938.2020
611.2198 2324.1411
611.2270 3815.0071
611.2342 4022.4890
611.2413 2583.1399
611.2485 1189.7230
611.2557 205.5159
611.2627 0.0000
611.2699 0.0000
611.2771 0.0000
611.2842 0.0000
611.3058 0.0000
611.3129 0.0000
611.3201 0.0000
611.3273 0.0000
611.3344 339.8938
611.3416 836.2867
611.3488 1327.1331
611.3559 2000.3650
611.3631 1098.3521
611.3703 547.4260
611.3774 187.7231
611.3846 0.0000
611.3918 0.0000
611.3990 0.0000
611.4061 0.0000
611.8078 0.0000
611.8150 0.0000
611.8222 0.0000
611.8294 0.0000
611.8365 410.3893
611.8437 819.6027
611.8509 1114.3149
611.8581 1091.6210
611.8653 769.0438
611.8724 364.2809
611.8796 0.0000
611.8868 0.0000
611.8940 0.0000
611.9012 0.0000
614.3203 0.0000
614.3276 0.0000
614.3348 0.0000
614.3420 0.0000
614.3492 282.3699
614.3564 592.4590
614.3637 877.2461
614.3709 959.3233
614.3781 782.3569
614.3853 459.8509
614.3926 0.0000
614.3998 0.0000
614.4070 0.0000
614.4142 0.0000
620.3068 0.0000
620.3142 0.0000
620.3215 0.0000
620.3288 0.0000
620.3362 343.4353
620.3435 772.5745
620.3508 1217.6830
620.3581 1379.0601
620.3655 1115.8680
620.3728 605.5327
620.3801 206.3676
620.3875 0.0000
620.3948 0.0000
620.4021 0.0000
620.4094 0.0000
620.8054 0.0000
620.8127 0.0000
620.8201 0.0000
620.8274 0.0000
620.8347 189.1796
620.8421 576.5444
620.8494 1593.6110
620.8567 2408.6709
620.8641 2385.4290
620.8714 1470.2990
620.8788 596.9526
620.8861 273.3693
620.8934 0.0000
620.9008 0.0000
620.9081 0.0000
620.9154 0.0000
629.1862 0.0000
629.1937 0.0000
629.2012 0.0000
629.2087 0.0000
629.2162 293.5858
629.2237 770.0599
629.2312 1981.6420
629.2386 2817.4170
629.2461 2579.1560
629.2536 1590.6121
629.2611 664.4322
629.2686 241.3862
629.2761 0.0000
629.2836 0.0000
629.2910 0.0000
629.2985 0.0000
630.1904 0.0000
630.1979 0.0000
630.2054 0.0000
630.2129 0.0000
630.2204 198.1190
630.2279 572.6111
630.2354 972.1210
630.2430 1142.9080
630.2505 974.5106
630.2580 590.7975
630.2655 236.6076
630.2730 0.0000
630.2805 0.0000
630.2880 0.0000
630.2955 0.0000
637.3410 0.0000
637.3486 0.0000
637.3562 0.0000
637.3638 0.0000
637.3715 174.3533
637.3791 541.6575
637.3867 940.8011
637.3944 1097.0110
637.4020 886.6542
637.4096 472.9095
637.4173 0.0000
637.4249 0.0000
637.4325 0.0000
637.4402 0.0000
643.3738 0.0000
643.3815 0.0000
643.3892 0.0000
643.3970 0.0000
643.4047 155.5271
643.4125 566.6440
643.4202 1790.4030
643.4279 2773.4580
643.4357 2926.6411
643.4434 1905.9230
643.4512 892.5543
643.4589 51.2194
643.4666 0.0000
643.4744 0.0000
643.4821 0.0000
643.4899 0.0000
644.3888 0.0000
644.3966 0.0000
644.4044 0.0000
644.4121 0.0000
644.4199 350.3843
644.4276 619.3938
644.4354 752.4378
644.4432 663.2230
644.4509 415.3242
644.4587 0.0000
644.4664 0.0000
644.4742 0.0000
644.4819 0.0000
646.1301 0.0000
646.1379 0.0000
646.1457 0.0000
646.1535 0.0000
646.1613 367.9296
646.1691 564.1696
646.1769 683.5633
646.1847 630.2692
646.1925 415.0804
646.2002 0.0000
646.2080 0.0000
646.2158 0.0000
646.2236 0.0000
653.3722 0.0000
653.3802 0.0000
653.3881 0.0000
653.3960 0.0000
653.4039 481.1813
653.4118 881.7386
653.4198 1000.2240
653.4277 744.0461
653.4356 344.5818
653.4439 0.0000
653.4518 0.0000
653.4598 0.0000
653.4677 0.0000
670.3621 0.0000
670.3703 0.0000
670.3785 0.0000
670.3867 0.0000
670.3950 245.7884
670.4032 576.3917
670.4114 1794.6150
670.4197 3070.2141
670.4279 4082.2051
670.4361 3429.4080
670.4444 2062.1970
670.4526 794.3318
670.4608 44.3610
670.4693 0.0000
670.4776 0.0000
670.4858 0.0000
670.4941 0.0000
671.3347 0.0000
671.3430 0.0000
671.3512 0.0000
671.3595 0.0000
671.3677 72.7899
671.3760 1214.6379
671.3842 2359.6880
671.3925 3531.7930
671.4007 10123.3701
671.4090 32983.9805
671.4172 65481.6289
671.4255 99312.0625
671.4337 96235.8438
671.4420 61156.7695
671.4502 28499.5508
671.4585 7492.0952
671.4667 1903.2371
671.4750 1457.9720
671.4832 743.2724
671.4915 0.0000
671.4999 0.0000
671.5081 0.0000
671.5164 0.0000
671.5246 0.0000
672.3424 0.0000
672.3507 0.0000
672.3589 0.0000
672.3672 0.0000
672.3755 258.1728
672.3838 596.4833
672.3920 763.4865
672.4003 2102.4480
672.4086 7140.4780
672.4168 18277.6992
672.4251 30355.2500
672.4334 36502.1914
672.4416 26635.6895
672.4499 14825.7900
672.4582 4341.1611
672.4664 778.9648
672.4747 86.8523
672.4825 0.0000
672.4908 0.0000
672.4990 0.0000
672.5073 0.0000
673.3683 0.0000
673.3766 0.0000
673.3849 0.0000
673.3932 0.0000
673.4015 93.1163
673.4098 742.1700
673.4180 2366.4690
673.4263 4199.9600
673.4346 5695.2842
673.4429 4716.3218
673.4512 2796.7019
673.4595 1033.6820
673.4678 165.6412
673.4758 0.0000
673.4841 0.0000
673.4924 0.0000
673.5007 0.0000
694.2093 0.0000
694.2180 0.0000
694.2267 0.0000
694.2353 0.0000
694.2440 255.8473
694.2527 609.8210
694.2614 936.0894
694.2700 1033.8510
694.2787 827.7090
694.2874 455.9811
694.2961 0.0000
694.3047 0.0000
694.3134 0.0000
694.3221 0.0000
697.2555 0.0000
697.2642 0.0000
697.2729 0.0000
697.2817 0.0000
697.2904 186.4666
697.2991 593.8088
697.3079 1066.0480
697.3166 1281.1630
697.3253 1082.7310
697.3341 635.6884
697.3428 253.0362
697.3533 0.0000
697.3620 0.0000
697.3707 0.0000
697.3795 0.0000
703.4188 0.0000
703.4277 0.0000
703.4365 0.0000
703.4454 0.0000
703.4542 277.0814
703.4631 1146.0590
703.4719 3652.1760
703.4808 6898.7148
703.4896 10075.5400
703.4985 9262.3760
703.5073 5732.2329
703.5162 2425.4150
703.5250 459.9721
703.5293 0.0000
703.5382 0.0000
703.5470 0.0000
703.5559 0.0000
704.4240 0.0000
704.4329 0.0000
704.4418 0.0000
704.4506 0.0000
704.4595 59.8848
704.4684 882.5761
704.4772 2291.1470
704.4861 3802.4819
704.4950 4169.7202
704.5038 2813.4919
704.5127 1435.7990
704.5216 404.3253
704.5333 0.0000
704.5421 0.0000
704.5510 0.0000
704.5599 0.0000
707.2461 0.0000
707.2550 0.0000
707.2639 0.0000
707.2729 0.0000
707.2818 479.8899
707.2907 988.8997
707.2996 1306.8350
707.3085 1214.4810
707.3175 801.2507
707.3264 372.6322
707.3353 0.0000
707.3442 0.0000
707.3532 0.0000
707.3621 0.0000
712.2230 0.0000
712.2320 0.0000
712.2410 0.0000
712.2500 0.0000
712.2590 236.3799
712.2680 551.9626
712.2771 792.5743
712.2861 780.8031
712.2951 525.3570
712.3041 0.0000
712.3131 0.0000
712.3221 0.0000
712.3312 0.0000
725.2446 0.0000
725.2539 0.0000
725.2632 0.0000
725.2724 0.0000
725.2817 338.4502
725.2910 791.8870
725.3002 1264.6100
725.3095 2233.0300
725.3187 1196.7870
725.3280 677.4227
725.3373 233.7396
725.3465 0.0000
725.3558 0.0000
725.3651 0.0000
725.3743 0.0000
726.2553 0.0000
726.2646 0.0000
726.2739 0.0000
726.2832 0.0000
726.2925 414.5791
726.3018 704.6404
726.3110 775.2513
726.3203 569.0391
726.3296 251.3603
726.3389 0.0000
726.3482 0.0000
726.3575 0.0000
726.3668 0.0000
732.3549 0.0000
732.3643 0.0000
732.3737 0.0000
732.3831 0.0000
732.3925 416.2271
732.4019 690.3792
732.4113 778.8832
732.4207 613.8145
732.4301 313.7904
732.4395 0.0000
732.4489 0.0000
732.4583 0.0000
732.4677 0.0000
740.4007 0.0000
740.4103 0.0000
740.4198 0.0000
740.4294 0.0000
740.4389 528.7326
740.4485 721.2659
740.4580 733.2997
740.4676 544.6980
740.4772 256.2544
740.4867 0.0000
740.4963 0.0000
740.5058 0.0000
740.5154 0.0000
754.8552 0.0000
754.8650 0.0000
754.8749 0.0000
754.8847 0.0000
754.8945 452.3842
754.9044 694.6389
754.9142 745.8276
754.9240 588.4771
754.9339 332.0552
754.9453 0.0000
754.9551 0.0000
754.9650 0.0000
754.9748 0.0000
756.4330 0.0000
756.4429 0.0000
756.4527 0.0000
756.4626 0.0000
756.4725 296.4390
756.4823 638.6937
756.4922 2024.4900
756.5021 4893.2832
756.5119 8037.6841
756.5218 9308.4453
756.5317 6514.1191
756.5415 3428.8789
756.5514 817.0157
756.5613 0.0000
756.5696 0.0000
756.5794 0.0000
756.5893 0.0000
756.5992 0.0000
757.4487 0.0000
757.4586 0.0000
757.4685 0.0000
757.4784 0.0000
757.4883 224.2763
757.4982 681.4065
757.5080 1716.5640
757.5179 2533.5950
757.5278 2241.9761
757.5377 1320.4680
757.5476 465.2196
757.5575 0.0000
757.5674 0.0000
757.5773 0.0000
757.5872 0.0000
766.4358 0.0000
766.4459 0.0000
766.4560 0.0000
766.4660 0.0000
766.4761 429.8736
766.4862 742.9122
766.4962 933.0492
766.5063 874.1053
766.5164 596.2716
766.5264 266.3917
766.5365 0.0000
766.5466 0.0000
766.5566 0.0000
766.5667 0.0000
782.4620 0.0000
782.4723 0.0000
782.4827 0.0000
782.4931 0.0000
782.5035 352.1823
782.5139 1470.1689
782.5242 2655.5061
782.5346 3506.1790
782.5450 2716.4221
782.5554 1561.6250
782.5658 524.2849
782.5762 0.0000
782.5865 0.0000
782.5969 0.0000
782.6073 0.0000
783.4386 0.0000
783.4490 0.0000
783.4594 0.0000
783.4698 0.0000
783.4802 452.4681
783.4906 1075.4700
783.5010 1951.2190
783.5114 2618.7090
783.5218 2233.9761
783.5322 965.5412
783.5426 446.6139
783.5540 0.0000
783.5644 0.0000
783.5748 0.0000
783.5852 0.0000
784.3973 0.0000
784.4077 0.0000
784.4181 0.0000
784.4286 0.0000
784.4390 0.0000
784.4494 1036.4550
784.4598 1934.6851
784.4702 4573.6670
784.4807 14387.1699
784.4911 43014.7383
784.5015 76129.9375
784.5119 104102.1016
784.5223 87009.0234
784.5328 52173.6992
784.5432 19777.4395
784.5536 4586.7759
784.5640 764.5399
784.5745 761.9260
784.5849 183.0373
784.5943 0.0000
784.6047 0.0000
784.6151 0.0000
784.6256 0.0000
785.3870 0.0000
785.3975 0.0000
785.4079 0.0000
785.4184 0.0000
785.4288 0.0000
785.4392 0.0000
785.4497 0.0000
785.4611 998.8696
785.4715 1581.0350
785.4820 4826.5610
785.4924 15453.4297
785.5028 29209.6504
785.5133 42701.8906
785.5237 39205.1094
785.5342 24335.9492
785.5446 10586.1904
785.5551 2560.1570
785.5655 442.7590
785.5756 0.0000
785.5860 0.0000
785.5965 0.0000
785.6069 0.0000
786.4326 0.0000
786.4430 0.0000
786.4535 0.0000
786.4640 0.0000
786.4744 386.8378
786.4849 1299.3669
786.4953 4220.8042
786.5058 7838.9111
786.5163 11216.2100
786.5267 9896.0420
786.5372 6028.0142
786.5477 2466.7080
786.5581 592.5598
786.5686 72.0161
786.5784 0.0000
786.5889 0.0000
786.5993 0.0000
786.6098 0.0000
800.4118 0.0000
800.4225 0.0000
800.4333 0.0000
800.4440 0.0000
800.4548 0.0000
800.4655 0.0000
800.4762 0.0000
800.4878 965.4876
800.4985 1623.2310
800.5093 5095.9019
800.5200 16401.2305
800.5307 30865.6094
800.5415 44868.6289
800.5522 40675.8398
800.5630 25139.6699
800.5737 10795.2803
800.5845 2724.5000
800.5952 655.0297
800.6059 531.0850
800.6163 0.0000
800.6271 0.0000
800.6378 0.0000
800.6486 0.0000
801.4550 0.0000
801.4658 0.0000
801.4765 0.0000
801.4873 0.0000
801.4981 461.3351
801.5088 1442.1810
801.5196 5214.7251
801.5303 10920.0303
801.5411 17036.7598
801.5519 17172.1699
801.5626 11053.7002
801.5734 5294.0898
801.5842 1317.2710
801.5949 260.3796
801.6071 0.0000
801.6179 0.0000
801.6287 0.0000
801.6394 0.0000
802.4689 0.0000
802.4797 0.0000
802.4905 0.0000
802.5013 0.0000
802.5120 267.3352
802.5228 1046.8960
802.5336 2412.8679
802.5444 3904.3411
802.5552 4119.9360
802.5660 2638.3989
802.5767 1178.7090
802.5875 178.6135
802.5964 0.0000
802.6072 0.0000
802.6180 0.0000
802.6288 0.0000
819.8653 0.0000
819.8764 0.0000
819.8876 0.0000
819.8987 0.0000
819.9098 530.0606
819.9210 863.9424
819.9321 991.8758
819.9432 807.1754
819.9544 435.1348
819.9655 0.0000
819.9766 0.0000
819.9878 0.0000
819.9989 0.0000
826.2823 0.0000
826.2935 0.0000
826.3048 0.0000
826.3161 0.0000
826.3273 283.5005
826.3386 663.7040
826.3499 1044.1281
826.3611 1206.5540
826.3724 1049.4120
826.3837 677.1481
826.3949 309.4961
826.4074 0.0000
826.4186 0.0000
826.4299 0.0000
826.4412 0.0000
854.2689 0.0000
854.2807 0.0000
854.2926 0.0000
854.3044 0.0000
854.3163 341.9653
854.3281 1479.1500
854.3399 2904.4829
854.3518 4214.2490
854.3636 3648.1580
854.3755 2109.8320
854.3873 703.5491
854.3992 0.0000
854.4098 0.0000
854.4217 0.0000
854.4335 0.0000
854.4454 0.0000
855.2633 0.0000
855.2752 0.0000
855.2870 0.0000
855.2989 0.0000
855.3107 185.0274
855.3226 568.8661
855.3345 1096.5730
855.3463 2194.5229
855.3582 2027.0081
855.3701 1037.9611
855.3819 528.0966
855.3938 0.0000
855.4057 0.0000
855.4175 0.0000
855.4294 0.0000
879.4909 0.0000
879.5033 0.0000
879.5157 0.0000
879.5280 0.0000
879.5404 176.5307
879.5528 593.5370
879.5652 1696.4800
879.5775 2607.1560
879.5899 2533.6011
879.6023 1568.5470
879.6147 634.6884
879.6270 239.4155
879.6394 0.0000
879.6518 0.0000
879.6642 0.0000
879.6765 0.0000
896.5204 0.0000
896.5331 0.0000
896.5459 0.0000
896.5586 0.0000
896.5713 256.0830
896.5840 573.4485
896.5968 732.1632
896.6095 620.9728
896.6222 348.4936
896.6364 0.0000
896.6492 0.0000
896.6619 0.0000
896.6747 0.0000
897.4647 0.0000
897.4774 0.0000
897.4902 0.0000
897.5029 0.0000
897.5157 257.4774
897.5285 661.6789
897.5412 1237.7260
897.5540 3896.5449
897.5667 12652.0498
897.5795 25068.7891
897.5922 38015.5312
897.6050 37079.7812
897.6177 23650.8203
897.6305 11095.7598
897.6432 2716.0061
897.6560 428.2022
897.6690 0.0000
897.6817 0.0000
897.6945 0.0000
897.7072 0.0000
898.4859 0.0000
898.4987 0.0000
898.5114 0.0000
898.5242 0.0000
898.5370 196.8087
898.5497 832.9473
898.5625 2898.8711
898.5753 8499.3174
898.5881 14577.5195
898.6008 19096.4609
898.6136 15085.6699
898.6264 8868.6826
898.6392 2952.7500
898.6520 533.4055
898.6630 0.0000
898.6758 0.0000
898.6886 0.0000
898.7014 0.0000
899.5069 0.0000
899.5197 0.0000
899.5325 0.0000
899.5453 0.0000
899.5581 266.1101
899.5709 925.3593
899.5837 2035.6700
899.5965 3218.5730
899.6092 3095.0649
899.6220 1836.8490
899.6348 665.5068
899.6476 272.9955
899.6605 0.0000
899.6733 0.0000
899.6861 0.0000
899.6989 0.0000
937.9552 0.0000
937.9688 0.0000
937.9824 0.0000
937.9961 0.0000
938.0097 446.0201
938.0233 918.8237
938.0369 1243.4860
938.0506 1182.6870
938.0642 788.1270
938.0778 353.3524
938.1003 0.0000
938.1139 0.0000
938.1275 0.0000
938.1411 0.0000
938.4546 0.0000
938.4683 0.0000
938.4819 0.0000
938.4956 0.0000
938.5092 457.1137
938.5228 1900.7860
938.5365 3103.1411
938.5501 4023.3640
938.5637 3357.3960
938.5774 1951.1689
938.5910 632.0329
938.6046 0.0000
938.6095 0.0000
938.6231 0.0000
938.6368 0.0000
938.6504 0.0000
938.9232 0.0000
938.9369 0.0000
938.9505 0.0000
938.9642 0.0000
938.9778 238.4701
938.9915 678.1400
939.0051 2059.6851
939.0187 2994.9700
939.0324 3162.8660
939.0460 2245.2041
939.0597 1245.9430
939.0733 463.1360
939.0870 0.0000
939.1006 0.0000
939.1143 0.0000
939.1279 0.0000
939.4419 0.0000
939.4556 0.0000
939.4693 0.0000
939.4829 0.0000
939.4966 529.1987
939.5102 1004.2430
939.5239 1357.3280
939.5375 1999.3800
939.5512 1011.7960
939.5649 544.0825
939.5785 0.0000
939.5922 0.0000
939.6058 0.0000
939.6195 0.0000
939.9338 0.0000
939.9474 0.0000
939.9611 0.0000
939.9748 0.0000
939.9884 198.1455
940.0021 577.7568
940.0158 931.6254
940.0294 994.1519
940.0431 722.8348
940.0568 325.9023
940.0704 0.0000
940.0841 0.0000
940.0978 0.0000
940.1114 0.0000
947.4405 0.0000
947.4543 0.0000
947.4682 0.0000
947.4820 0.0000
947.4958 297.7202
947.5097 592.3124
947.5235 754.1688
947.5373 669.5696
947.5512 407.4064
947.5650 0.0000
947.5788 0.0000
947.5927 0.0000
947.6065 0.0000
948.4233 0.0000
948.4371 0.0000
948.4510 0.0000
948.4648 0.0000
948.4787 290.7750
948.4925 576.8407
948.5064 832.1107
948.5202 897.2278
948.5341 717.4748
948.5479 400.0068
948.5618 0.0000
948.5757 0.0000
948.5895 0.0000
948.6034 0.0000
965.2957 0.0000
965.3099 0.0000
965.3242 0.0000
965.3384 0.0000
965.3526 335.9971
965.3668 616.0085
965.3811 750.5348
965.3953 639.5936
965.4095 357.8437
965.4237 0.0000
965.4380 0.0000
965.4522 0.0000
965.4664 0.0000
966.2921 0.0000
966.3064 0.0000
966.3206 0.0000
966.3349 0.0000
966.3491 369.8781
966.3634 661.5490
966.3776 859.1027
966.3919 837.3396
966.4061 611.5964
966.4204 320.5015
966.4346 0.0000
966.4489 0.0000
966.4631 0.0000
966.4774 0.0000
976.5445 0.0000
976.5589 0.0000
976.5734 0.0000
976.5879 0.0000
976.6024 345.2420
976.6168 757.7040
976.6313 1084.7920
976.6458 1093.2050
976.6603 778.1515
976.6747 369.9048
976.6892 0.0000
976.7037 0.0000
976.7182 0.0000
976.7326 0.0000
977.5439 0.0000
977.5584 0.0000
977.5729 0.0000
977.5874 0.0000
977.6018 292.9440
977.6163 620.4964
977.6308 886.9895
977.6453 918.7311
977.6598 691.2145
977.6743 353.2801
977.6907 0.0000
977.7052 0.0000
977.7197 0.0000
977.7342 0.0000
983.2820 0.0000
983.2966 0.0000
983.3112 0.0000
983.3258 0.0000
983.3404 78.6030
983.3551 739.9005
983.3697 2035.2531
983.3843 3479.1389
983.3989 4164.1128
983.4136 2995.8049
983.4282 1623.4830
983.4428 424.7177
983.4556 0.0000
983.4703 0.0000
983.4849 0.0000
983.4995 0.0000
984.3045 0.0000
984.3192 0.0000
984.3338 0.0000
984.3485 0.0000
984.3631 373.2839
984.3778 749.7462
984.3924 972.7128
984.4071 862.9211
984.4217 499.8742
984.4364 0.0000
984.4510 0.0000
984.4657 0.0000
984.4803 0.0000
993.5373 0.0000
993.5522 0.0000
993.5670 0.0000
993.5819 0.0000
993.5967 232.0888
993.6116 600.7902
993.6265 1060.6080
993.6413 1359.3130
993.6562 1285.8580
993.6710 879.2292
993.6859 404.6849
993.7026 0.0000
993.7175 0.0000
993.7324 0.0000
993.7472 0.0000
994.4905 0.0000
994.5054 0.0000
994.5202 0.0000
994.5351 0.0000
994.5500 265.6781
994.5649 1180.6331
994.5797 1928.6940
994.5946 5040.1499
994.6095 15791.0801
994.6244 36353.3516
994.6392 58777.6602
994.6541 66602.2734
994.6690 46584.3789
994.6839 24908.6406
994.6988 6936.4932
994.7136 1209.6710
994.7285 384.1671
994.7415 0.0000
994.7564 0.0000
994.7712 0.0000
994.7861 0.0000
995.4710 0.0000
995.4859 0.0000
995.5008 0.0000
995.5157 0.0000
995.5306 0.0000
995.5455 0.0000
995.5604 0.0000
995.5776 1120.8521
995.5925 1980.2159
995.6074 5394.3179
995.6223 15672.8604
995.6372 27562.4395
995.6521 37362.6016
995.6670 30789.6191
995.6819 18252.5195
995.6968 6492.8262
995.7117 1175.7130
995.7266 0.0000
995.7431 0.0000
995.7580 0.0000
995.7729 0.0000
995.7878 0.0000
996.5333 0.0000
996.5482 0.0000
996.5632 0.0000
996.5781 0.0000
996.5930 280.8251
996.6079 1118.0020
996.6228 3402.9751
996.6378 6426.7632
996.6527 9456.2617
996.6676 8895.7344
996.6825 5537.5278
996.6975 2426.8999
996.7124 351.7304
996.7234 0.0000
996.7383 0.0000
996.7533 0.0000
996.7682 0.0000
997.5746 0.0000
997.5896 0.0000
997.6045 0.0000
997.6194 0.0000
997.6344 378.0809
997.6493 641.6461
997.6643 705.5451
997.6792 549.1797
997.6942 310.4856
997.7091 0.0000
997.7241 0.0000
997.7390 0.0000
997.7540 0.0000
1010.4900 0.0000
1010.5050 0.0000
1010.5200 0.0000
1010.5360 0.0000
1010.5510 416.4929
1010.5660 1725.8240
1010.5810 4026.7129
1010.5970 6509.7568
1010.6120 7013.0591
1010.6270 4629.2739
1010.6420 2245.0200
1010.6580 512.8074
1010.6720 0.0000
1010.6870 0.0000
1010.7020 0.0000
1010.7170 0.0000
1011.4950 0.0000
1011.5100 0.0000
1011.5250 0.0000
1011.5410 0.0000
1011.5560 372.7464
1011.5710 1587.1270
1011.5860 3057.3540
1011.6020 4469.2920
1011.6170 4050.9270
1011.6320 2500.6909
1011.6470 1075.3960
1011.6630 240.1736
1011.6790 0.0000
1011.6950 0.0000
1011.7100 0.0000
1011.7250 0.0000
1016.9800 0.0000
1016.9960 0.0000
1017.0110 0.0000
1017.0270 0.0000
1017.0420 467.3997
1017.0570 732.6881
1017.0730 832.0316
1017.0880 704.1918
1017.1030 442.2255
1017.1190 0.0000
1017.1340 0.0000
1017.1500 0.0000
1017.1650 0.0000
1040.3550 0.0000
1040.3710 0.0000
1040.3870 0.0000
1040.4030 0.0000
1040.4189 283.1358
1040.4351 647.3398
1040.4510 838.8568
1040.4670 714.0473
1040.4830 388.3853
1040.4990 0.0000
1040.5140 0.0000
1040.5300 0.0000
1040.5460 0.0000
1048.3101 0.0000
1048.3260 0.0000
1048.3420 0.0000
1048.3580 0.0000
1048.3750 238.8975
1048.3910 692.7518
1048.4070 1211.1219
1048.4230 2105.2090
1048.4390 1218.1820
1048.4550 719.4720
1048.4709 282.6015
1048.4871 0.0000
1048.5031 0.0000
1048.5190 0.0000
1048.5360 0.0000
1049.3090 0.0000
1049.3250 0.0000
1049.3409 0.0000
1049.3571 0.0000
1049.3730 359.8998
1049.3900 828.5492
1049.4060 1212.3040
1049.4220 1255.2690
1049.4380 942.9731
1049.4540 502.0627
1049.4700 0.0000
1049.4860 0.0000
1049.5020 0.0000
1049.5190 0.0000
1066.3101 0.0000
1066.3270 0.0000
1066.3430 0.0000
1066.3600 0.0000
1066.3760 387.0137
1066.3929 1242.0260
1066.4091 2212.0601
1066.4260 2858.6340
1066.4420 2143.6089
1066.4590 1155.8060
1066.4750 385.9116
1066.4919 0.0000
1066.5081 0.0000
1066.5250 0.0000
1066.5420 0.0000
1067.3180 0.0000
1067.3350 0.0000
1067.3510 0.0000
1067.3680 0.0000
1067.3850 350.4881
1067.4010 739.8281
1067.4180 1066.4220
1067.4340 1122.0220
1067.4510 871.9547
1067.4670 486.3257
1067.4840 0.0000
1067.5000 0.0000
1067.5170 0.0000
1067.5330 0.0000
1084.3380 0.0000
1084.3550 0.0000
1084.3710 0.0000
1084.3879 0.0000
1084.4050 498.2456
1084.4220 824.0383
1084.4390 940.7375
1084.4561 740.8810
1084.4730 361.5001
1084.4919 0.0000
1084.5090 0.0000
1084.5260 0.0000
1084.5430 0.0000
1095.5690 0.0000
1095.5861 0.0000
1095.6030 0.0000
1095.6210 0.0000
1095.6379 526.6730
1095.6550 2038.0610
1095.6720 4158.3032
1095.6890 6386.9238
1095.7070 6223.1709
1095.7240 3919.5449
1095.7410 1771.7791
1095.7581 347.9320
1095.7770 0.0000
1095.7939 0.0000
1095.8110 0.0000
1095.8280 0.0000
1096.5680 0.0000
1096.5861 0.0000
1096.6030 0.0000
1096.6200 0.0000
1096.6370 431.5921
1096.6550 1434.8590
1096.6720 3316.5701
1096.6890 5354.0991
1096.7061 6010.9292
1096.7230 4182.0532
1096.7410 2195.6919
1096.7581 583.9508
1096.7750 133.4563
1096.7889 0.0000
1096.8060 0.0000
1096.8230 0.0000
1096.8409 0.0000
1097.5820 0.0000
1097.5990 0.0000
1097.6160 0.0000
1097.6340 0.0000
1097.6510 249.0861
1097.6680 657.8902
1097.6851 1123.0240
1097.7030 1328.8600
1097.7200 1117.4860
1097.7371 646.8270
1097.7540 222.8067
1097.7780 0.0000
1097.7950 0.0000
1097.8120 0.0000
1097.8290 0.0000
1138.5179 0.0000
1138.5360 0.0000
1138.5551 0.0000
1138.5730 0.0000
1138.5909 253.6109
1138.6090 849.0151
1138.6270 2246.2170
1138.6460 4008.8601
1138.6639 5529.5371
1138.6820 4716.0688
1138.7000 2802.8350
1138.7190 971.6120
1138.7371 97.4881
1138.7490 0.0000
1138.7670 0.0000
1138.7860 0.0000
1138.8040 0.0000
1139.5330 0.0000
1139.5510 0.0000
1139.5699 0.0000
1139.5880 0.0000
1139.6060 395.2711
1139.6240 1312.7209
1139.6429 2424.9231
1139.6610 3504.4771
1139.6790 3273.8369
1139.6970 2058.8931
1139.7159 922.3179
1139.7340 345.5942
1139.7520 0.0000
1139.7700 0.0000
1139.7889 0.0000
1139.8070 0.0000
1140.5551 0.0000
1140.5740 0.0000
1140.5920 0.0000
1140.6100 0.0000
1140.6290 328.0346
1140.6470 635.8775
1140.6650 843.3642
1140.6830 815.2300
1140.7020 577.2258
1140.7200 291.3186
1140.7380 0.0000
1140.7560 0.0000
1140.7750 0.0000
1140.7930 0.0000
1143.5760 0.0000
1143.5940 0.0000
1143.6121 0.0000
1143.6310 0.0000
1143.6490 321.0620
1143.6670 637.6608
1143.6860 933.8782
1143.7040 1037.0270
1143.7220 863.1453
1143.7410 506.6560
1143.7590 0.0000
1143.7780 0.0000
1143.7960 0.0000
1143.8140 0.0000
1206.6110 0.0000
1206.6310 0.0000
1206.6500 0.0000
1206.6700 0.0000
1206.6899 240.2524
1206.7100 557.4999
1206.7300 723.4939
1206.7500 616.9446
1206.7700 335.9089
1206.7900 0.0000
1206.8090 0.0000
1206.8290 0.0000
1206.8490 0.0000
1207.6250 0.0000
1207.6450 0.0000
1207.6650 0.0000
1207.6851 0.0000
1207.7050 487.3653
1207.7250 731.8117
1207.7440 766.5971
1207.7640 571.0667
1207.7841 280.7062
1207.8040 0.0000
1207.8240 0.0000
1207.8440 0.0000
1207.8640 0.0000
1222.5699 0.0000
1222.5909 0.0000
1222.6110 0.0000
1222.6310 0.0000
1222.6510 497.0850
1222.6720 765.7337
1222.6920 824.9169
1222.7120 624.3009
1222.7321 303.1832
1222.7531 0.0000
1222.7729 0.0000
1222.7930 0.0000
1222.8140 0.0000
1224.6000 0.0000
1224.6200 0.0000
1224.6410 0.0000
1224.6610 0.0000
1224.6810 320.0495
1224.7020 871.8845
1224.7220 2000.2111
1224.7419 2062.0081
1224.7629 1205.7111
1224.7830 409.7831
1224.8030 0.0000
1224.8240 0.0000
1224.8440 0.0000
1224.8640 0.0000
1239.5520 0.0000
1239.5730 0.0000
1239.5930 0.0000
1239.6140 0.0000
1239.6350 179.6173
1239.6560 648.8107
1239.6760 2137.8491
1239.6970 3212.1399
1239.7180 3280.1680
1239.7380 2083.2371
1239.7590 946.6664
1239.7800 39.7708
1239.8000 0.0000
1239.8210 0.0000
1239.8420 0.0000
1239.8630 0.0000
1240.5670 0.0000
1240.5880 0.0000
1240.6080 0.0000
1240.6290 0.0000
1240.6500 426.8008
1240.6700 1277.5740
1240.6910 2190.4800
1240.7120 2614.2009
1240.7330 1810.6780
1240.7531 914.1943
1240.7740 354.4549
1240.7950 0.0000
1240.8160 0.0000
1240.8361 0.0000
1240.8571 0.0000
1250.2590 0.0000
1250.2800 0.0000
1250.3010 0.0000
1250.3220 0.0000
1250.3430 268.9449
1250.3640 578.2938
1250.3850 737.2504
1250.4060 633.6735
1250.4270 367.4985
1250.4480 0.0000
1250.4690 0.0000
1250.4900 420.4397
1250.5110 656.5065
1250.5320 731.4349
1250.5530 607.2555
1250.5740 380.3179
1250.5950 0.0000
1250.6160 0.0000
1250.6370 0.0000
1250.6580 0.0000
1290.8040 0.0000
1290.8260 0.0000
1290.8480 0.0000
1290.8700 0.0000
1290.8920 394.1566
1290.9139 602.6487
1290.9360 688.4459
1290.9580 609.2128
1290.9800 410.7800
1291.0010 0.0000
1291.0229 0.0000
1291.0450 0.0000
1291.0670 0.0000
1406.7220 0.0000
1406.7469 0.0000
1406.7720 0.0000
1406.7970 0.0000
1406.8220 414.1329
1406.8470 670.9645
1406.8719 765.3423
1406.8970 607.3456
1406.9220 296.5241
1406.9470 0.0000
1406.9720 0.0000
1406.9969 0.0000
1407.0220 0.0000
1600.2570 0.0000
1600.2870 0.0000
1600.3170 0.0000
1600.3480 0.0000
1600.3781 396.4903
1600.4091 648.4799
1600.4390 775.2769
1600.4690 726.6050
1600.5000 541.9523
1600.5300 0.0000
1600.5601 0.0000
1600.5909 0.0000
1600.6210 0.0000
1822.4480 0.0000
1822.4850 0.0000
1822.5220 0.0000
1822.5590 0.0000
1822.5950 336.3581
1822.6320 632.4217
1822.6689 796.0236
1822.7061 719.7711
1822.7430 465.5052
1822.7800 0.0000
1822.8170 0.0000
1822.8540 0.0000
1822.8910 0.0000
1849.6851 0.0000
1849.7230 0.0000
1849.7610 0.0000
1849.7980 0.0000
1849.8361 342.5274
1849.8740 742.1846
1849.9120 1109.5320
1849.9490 1188.8860
1849.9871 903.7479
1850.0250 453.0603
1850.0620 0.0000
1850.1000 0.0000
1850.1379 0.0000
1850.1760 0.0000
1948.6379 0.0000
1948.6780 0.0000
1948.7190 0.0000
1948.7600 0.0000
1948.8010 335.6721
1948.8420 626.9816
1948.8820 753.7856
1948.9230 627.8021
1948.9640 351.9474
1949.0050 0.0000
1949.0460 0.0000
1949.0861 0.0000
1949.1270 0.0000
2232.3130 0.0000
2232.3630 0.0000
2232.4131 0.0000
2232.4629 0.0000
2232.5129 569.9418
2232.5630 836.7810
2232.6130 879.7080
2232.6631 649.7247
2232.7129 295.8312
2232.7629 0.0000
2232.8130 0.0000
2232.8630 0.0000
2232.9131 0.0000
2233.2629 0.0000
2233.3140 0.0000
2233.3640 0.0000
2233.4141 0.0000
2233.4641 547.8469
2233.5139 886.1327
2233.5640 946.0002
2233.6140 699.9789
2233.6641 341.8903
2233.7141 0.0000
2233.7639 0.0000
2233.8140 0.0000
2233.8640 0.0000
3075.7329 0.0000
3075.8140 0.0000
3075.8950 0.0000
3075.9761 0.0000
