S	002570	002570	434.2136
Z	2	867.4199
99.0049 0.0000
99.0054 0.0000
99.0059 0.0000
99.0063 0.0000
100.0726 0.0000
100.0731 0.0000
100.0736 0.0000
100.0741 0.0000
100.0745 73.4078
100.0750 397.0370
100.0755 1000.3930
100.0760 1648.0840
100.0764 1848.1840
100.0769 1260.7360
100.0774 643.9889
100.0779 151.1382
100.0783 0.0000
100.0788 0.0000
100.0792 0.0000
100.0797 0.0000
102.0514 0.0000
102.0519 0.0000
102.0524 0.0000
102.0529 0.0000
102.0534 28.1903
102.0539 544.2477
102.0544 2345.7041
102.0548 4710.9790
102.0553 7095.1870
102.0558 6615.7861
102.0563 4136.3521
102.0568 1852.7070
102.0573 546.8729
102.0578 225.0053
102.0583 193.6563
102.0588 0.0000
102.0593 0.0000
102.0598 0.0000
102.0603 0.0000
102.0882 0.0000
102.0886 0.0000
102.0891 0.0000
102.0896 0.0000
102.0901 112.6453
102.0906 311.1063
102.0911 784.9309
102.0916 1299.4709
102.0921 1457.1630
102.0926 991.4011
102.0930 499.4193
102.0935 192.8358
102.0940 0.0000
102.0945 0.0000
102.0950 0.0000
102.0955 0.0000
102.6043 0.0000
102.6047 0.0000
102.6052 0.0000
102.6057 0.0000
102.6062 117.0131
102.6067 221.5706
102.6072 280.4813
102.6077 256.6818
102.6082 166.8918
102.6087 0.0000
102.6092 0.0000
102.6097 0.0000
102.6101 0.0000
104.8247 0.0000
104.8253 0.0000
104.8258 0.0000
104.8263 0.0000
104.8268 93.2426
104.8273 212.9097
104.8278 269.7351
104.8283 221.5103
104.8288 114.1078
104.8293 0.0000
104.8298 0.0000
104.8303 0.0000
104.8308 0.0000
112.0720 0.0000
112.0726 0.0000
112.0731 0.0000
112.0737 0.0000
112.0742 123.3715
112.0748 326.1217
112.0754 782.4844
112.0759 1269.2760
112.0765 1309.3230
112.0771 831.4991
112.0776 377.9018
112.0782 99.1229
112.0787 0.0000
112.0793 0.0000
112.0799 0.0000
112.0804 0.0000
113.0752 0.0000
113.0758 0.0000
113.0763 0.0000
113.0769 0.0000
113.0775 96.3979
113.0781 200.4648
113.0786 295.6719
113.0792 336.2943
113.0798 302.4525
113.0803 211.7603
113.0809 107.5673
113.0814 0.0000
113.0820 0.0000
113.0825 0.0000
113.0831 0.0000
114.0508 0.0000
114.0514 0.0000
114.0520 0.0000
114.0526 0.0000
114.0532 75.0369
114.0537 619.9841
114.0543 1693.7900
114.0549 2854.2461
114.0555 3397.3530
114.0560 2463.5129
114.0566 1377.5240
114.0572 438.4395
114.0578 106.3939
114.0584 0.0000
114.0590 0.0000
114.0596 0.0000
114.0602 0.0000
114.0879 0.0000
114.0885 0.0000
114.0891 0.0000
114.0896 0.0000
114.0902 103.9772
114.0908 260.1529
114.0914 425.7570
114.0919 495.3405
114.0925 420.5457
114.0931 256.2789
114.0937 104.8790
114.0942 0.0000
114.0948 0.0000
114.0954 0.0000
114.0960 0.0000
116.0661 0.0000
116.0667 0.0000
116.0673 0.0000
116.0679 0.0000
116.0685 197.9258
116.0691 1013.8700
116.0697 3615.8779
116.0703 6956.2920
116.0709 10242.6797
116.0715 9418.0078
116.0720 5872.3462
116.0726 2606.5430
116.0732 694.1555
116.0738 192.4135
116.0744 0.0000
116.0750 0.0000
116.0756 0.0000
116.0762 0.0000
117.0701 0.0000
117.0707 0.0000
117.0713 0.0000
117.0719 0.0000
117.0725 96.2126
117.0731 229.7350
117.0737 355.4619
117.0743 387.6877
117.0749 294.8840
117.0755 143.6015
117.0761 0.0000
117.0767 0.0000
117.0773 0.0000
117.0779 0.0000
118.0463 0.0000
118.0469 0.0000
118.0476 0.0000
118.0482 0.0000
118.0488 142.8016
118.0494 267.5634
118.0500 349.2523
118.0506 335.5481
118.0512 234.4381
118.0518 108.7608
118.0524 0.0000
118.0530 0.0000
118.0536 0.0000
118.0542 0.0000
118.0822 0.0000
118.0828 0.0000
118.0835 0.0000
118.0841 0.0000
118.0847 154.2117
118.0853 604.2661
118.0859 1205.5280
118.0865 1787.0500
118.0871 1626.9220
118.0877 967.3573
118.0883 356.2318
118.0889 0.0000
118.0895 0.0000
118.0901 0.0000
118.0907 0.0000
118.0913 0.0000
124.0712 0.0000
124.0718 0.0000
124.0725 0.0000
124.0731 0.0000
124.0738 45.4427
124.0744 376.8330
124.0751 911.1621
124.0757 1477.6320
124.0764 1528.1450
124.0770 982.2133
124.0777 460.3760
124.0784 107.0982
124.0790 0.0000
124.0797 0.0000
124.0803 0.0000
124.0810 0.0000
126.0510 0.0000
126.0517 0.0000
126.0524 0.0000
126.0530 0.0000
126.0537 88.9763
126.0544 234.7787
126.0550 354.2351
126.0557 365.9110
126.0564 265.6158
126.0570 126.2440
126.0577 0.0000
126.0584 0.0000
126.0591 0.0000
126.0597 0.0000
126.0866 0.0000
126.0873 0.0000
126.0879 0.0000
126.0886 0.0000
126.0893 104.3324
126.0899 307.0777
126.0906 807.0688
126.0913 1207.9960
126.0920 1121.2520
126.0926 667.6606
126.0933 246.3148
126.0940 123.6278
126.0946 0.0000
126.0953 0.0000
126.0960 0.0000
126.0966 0.0000
128.0298 0.0000
128.0305 0.0000
128.0312 0.0000
128.0319 0.0000
128.0326 187.2771
128.0333 414.2450
128.0340 875.1078
128.0347 1093.6620
128.0353 588.4522
128.0360 359.5222
128.0367 152.9039
128.0374 0.0000
128.0381 0.0000
128.0387 0.0000
128.0394 0.0000
128.0655 0.0000
128.0662 0.0000
128.0669 0.0000
128.0676 0.0000
128.0683 47.6778
128.0690 296.9984
128.0697 965.3132
128.0704 1671.8960
128.0710 2037.7640
128.0717 1455.5520
128.0724 766.2958
128.0731 186.0709
128.0737 0.0000
128.0744 0.0000
128.0751 0.0000
128.0758 0.0000
130.0443 0.0000
130.0450 0.0000
130.0457 0.0000
130.0464 0.0000
130.0471 0.0000
130.0478 352.1318
130.0485 1400.7209
130.0492 2653.2849
130.0499 3793.5161
130.0506 3314.5681
130.0513 2040.1490
130.0520 866.9881
130.0527 289.0255
130.0534 124.4620
130.0542 0.0000
130.0549 0.0000
130.0556 0.0000
130.0563 0.0000
130.0802 0.0000
130.0809 0.0000
130.0816 0.0000
130.0823 0.0000
130.0830 130.0216
130.0837 593.6506
130.0844 2603.1260
130.0851 7543.8169
130.0858 12805.8096
130.0866 15999.7402
130.0873 12020.0703
130.0880 6896.1670
130.0887 2273.5720
130.0894 674.4020
130.0901 267.9650
130.0908 154.3305
130.0915 0.0000
130.0922 0.0000
130.0929 0.0000
130.0936 0.0000
131.0845 0.0000
131.0852 0.0000
131.0859 0.0000
131.0866 0.0000
131.0873 75.4662
131.0880 209.4355
131.0888 409.0737
131.0895 562.3115
131.0902 558.8840
131.0909 396.0577
131.0916 184.6387
131.0924 0.0000
131.0931 0.0000
131.0939 0.0000
131.0946 0.0000
132.0602 0.0000
132.0609 0.0000
132.0616 0.0000
132.0623 0.0000
132.0631 112.3666
132.0638 251.0633
132.0645 805.8916
132.0652 1420.2020
132.0659 1898.4890
132.0667 1523.7640
132.0674 867.1323
132.0681 254.6422
132.0688 0.0000
132.0694 0.0000
132.0701 0.0000
132.0708 0.0000
132.0716 0.0000
132.0968 0.0000
132.0975 0.0000
132.0982 0.0000
132.0989 0.0000
132.0996 132.7985
132.1004 616.7360
132.1011 1318.3210
132.1018 2052.6240
132.1025 2014.0200
132.1032 1272.0070
132.1040 571.5730
132.1047 137.7942
132.1054 0.0000
132.1061 0.0000
132.1069 0.0000
132.1076 0.0000
132.9644 0.0000
132.9651 0.0000
132.9658 0.0000
132.9665 0.0000
132.9673 145.8920
132.9680 231.1183
132.9687 250.7040
132.9695 203.1829
132.9702 124.7749
132.9709 0.0000
132.9716 0.0000
132.9724 0.0000
132.9731 0.0000
133.0568 0.0000
133.0575 0.0000
133.0582 0.0000
133.0589 0.0000
133.0597 113.5008
133.0604 265.0320
133.0611 353.5479
133.0619 310.8670
133.0626 177.2614
133.0630 0.0000
133.0638 0.0000
133.0645 0.0000
133.0652 0.0000
140.0644 0.0000
140.0652 0.0000
140.0660 0.0000
140.0668 0.0000
140.0675 3.1060
140.0683 284.8277
140.0691 969.9066
140.0699 1677.2040
140.0707 2128.1741
140.0715 1611.7230
140.0723 918.3757
140.0730 314.1069
140.0738 117.0883
140.0748 0.0000
140.0756 0.0000
140.0764 0.0000
140.0772 0.0000
141.0970 0.0000
141.0978 0.0000
141.0986 0.0000
141.0994 0.0000
141.1002 177.6439
141.1010 353.4826
141.1018 511.1709
141.1026 554.5045
141.1034 451.7154
141.1042 264.5020
141.1050 98.1283
141.1059 0.0000
141.1067 0.0000
141.1075 0.0000
141.1083 0.0000
142.0438 0.0000
142.0446 0.0000
142.0454 0.0000
142.0462 0.0000
142.0470 192.4001
142.0479 810.4910
142.0487 2054.8181
142.0495 3412.9670
142.0503 4076.7900
142.0511 2983.8301
142.0519 1671.5031
142.0527 494.0403
142.0535 41.8623
142.0542 0.0000
142.0550 0.0000
142.0558 0.0000
142.0566 0.0000
142.0783 0.0000
142.0791 0.0000
142.0799 0.0000
142.0807 0.0000
142.0815 114.1956
142.0823 359.0722
142.0831 1192.6960
142.0839 4823.7080
142.0847 15630.5000
142.0855 28178.4004
142.0863 38975.3203
142.0871 32806.4297
142.0879 19778.6602
142.0887 7740.9170
142.0895 2136.3350
142.0903 715.4482
142.0911 582.3665
142.0919 195.1348
142.0925 0.0000
142.0933 0.0000
142.0941 0.0000
142.0949 0.0000
143.0833 0.0000
143.0841 0.0000
143.0849 0.0000
143.0858 0.0000
143.0866 25.4596
143.0874 452.2841
143.0882 1415.0690
143.0890 2434.0830
143.0898 2935.4709
143.0906 2113.9729
143.0914 1156.2970
143.0923 388.2866
143.0931 167.3334
143.0941 0.0000
143.0949 0.0000
143.0957 0.0000
143.0965 0.0000
144.0585 0.0000
144.0594 0.0000
144.0602 0.0000
144.0610 0.0000
144.0618 49.4468
144.0626 260.6305
144.0635 1050.6450
144.0643 2485.5759
144.0651 4051.3650
144.0659 4529.9482
144.0667 3118.7820
144.0676 1632.1470
144.0684 447.8945
144.0692 65.9340
144.0699 0.0000
144.0707 0.0000
144.0716 0.0000
144.0724 0.0000
144.0953 0.0000
144.0962 0.0000
144.0970 0.0000
144.0978 0.0000
144.0986 67.8596
144.0994 727.7783
144.1003 2449.4241
144.1011 4321.1812
144.1019 5802.7808
144.1027 4719.1460
144.1035 2814.1780
144.1044 1054.5000
144.1052 291.5216
144.1060 56.6483
144.1069 0.0000
144.1077 0.0000
144.1086 0.0000
144.1094 0.0000
145.0551 0.0000
145.0559 0.0000
145.0567 0.0000
145.0576 0.0000
145.0584 111.4520
145.0592 305.2310
145.0601 548.8961
145.0609 965.7104
145.0617 594.6096
145.0625 363.0000
145.0634 152.6081
145.0642 0.0000
145.0650 0.0000
145.0659 0.0000
145.0667 128.4437
145.0675 299.1845
145.0683 492.5633
145.0692 567.0667
145.0700 453.6339
145.0708 241.2616
145.0717 80.0216
145.0725 0.0000
145.0733 0.0000
145.0741 0.0000
145.0750 0.0000
145.0998 0.0000
145.1007 0.0000
145.1015 0.0000
145.1023 0.0000
145.1032 92.0264
145.1040 270.0740
145.1048 482.1183
145.1056 576.4057
145.1065 480.1096
145.1073 271.9904
145.1081 95.1633
145.1089 0.0000
145.1097 0.0000
145.1106 0.0000
145.1114 0.0000
146.0377 0.0000
146.0385 0.0000
146.0394 0.0000
146.0402 0.0000
146.0411 51.1715
146.0419 388.9785
146.0427 1562.9540
146.0436 3377.0630
146.0444 5339.2959
146.0452 5549.7661
146.0461 3658.0020
146.0469 1836.2010
146.0478 529.6357
146.0486 123.6006
146.0495 0.0000
146.0503 0.0000
146.0511 0.0000
146.0520 0.0000
146.0738 0.0000
146.0746 0.0000
146.0754 0.0000
146.0763 0.0000
146.0771 50.4407
146.0779 240.6210
146.0788 1008.7510
146.0796 3247.3669
146.0804 5723.0288
146.0813 7590.9531
146.0821 5972.9360
146.0830 3491.4009
146.0838 1165.1230
146.0846 301.6697
146.0855 113.3540
146.0863 0.0000
146.0871 0.0000
146.0880 0.0000
146.0888 0.0000
147.0786 0.0000
147.0795 0.0000
147.0803 0.0000
147.0812 0.0000
147.0820 111.2700
147.0829 227.7339
147.0837 312.1462
147.0846 303.5018
147.0854 206.0979
147.0863 0.0000
147.0872 0.0000
147.0880 0.0000
147.0889 0.0000
156.0943 0.0000
156.0952 0.0000
156.0961 0.0000
156.0971 0.0000
156.0980 31.0194
156.0989 341.7863
156.0998 1371.5490
156.1008 2725.7529
156.1017 4090.2930
156.1026 3850.5000
156.1035 2415.1509
156.1045 1086.2780
156.1054 274.7985
156.1063 43.3536
156.1073 0.0000
156.1082 0.0000
156.1091 0.0000
156.1100 0.0000
158.0747 0.0000
158.0757 0.0000
158.0766 0.0000
158.0776 0.0000
158.0785 175.3835
158.0794 580.8606
158.0804 1027.4871
158.0813 1352.2460
158.0823 1045.3510
158.0832 587.8856
158.0842 193.3228
158.0851 0.0000
158.0860 0.0000
158.0870 0.0000
158.0879 0.0000
158.1058 0.0000
158.1067 0.0000
158.1077 0.0000
158.1086 0.0000
158.1096 45.9426
158.1105 218.4135
158.1115 235.5828
158.1124 461.6846
158.1133 549.8619
158.1143 1688.6300
158.1152 6210.1611
158.1162 13926.2197
158.1171 22263.0195
158.1181 23850.5293
158.1190 16007.9102
158.1200 8200.5186
158.1209 2396.2629
158.1218 745.0888
158.1228 534.5000
158.1237 360.8605
158.1247 493.7772
158.1256 10.5507
158.1266 0.0000
158.1275 0.0000
158.1285 0.0000
158.1294 0.0000
159.0691 0.0000
159.0700 0.0000
159.0710 0.0000
159.0720 0.0000
159.0729 26.7079
159.0739 304.0289
159.0748 884.8186
159.0758 1492.3250
159.0767 1788.3480
159.0777 1288.8080
159.0786 701.5076
159.0796 188.1294
159.0805 0.0000
159.0815 0.0000
159.0824 0.0000
159.0834 0.0000
159.1062 0.0000
159.1072 0.0000
159.1081 0.0000
159.1091 0.0000
159.1100 76.4530
159.1110 220.0503
159.1119 411.3073
159.1129 534.4269
159.1138 529.0727
159.1148 427.2867
159.1157 294.2163
159.1167 185.9610
159.1176 32.6241
159.1186 228.5998
159.1195 731.2144
159.1205 1268.3990
159.1214 1554.5129
159.1224 1143.8540
159.1233 649.8618
159.1243 197.0555
159.1253 0.0000
159.1262 0.0000
159.1272 0.0000
159.1281 0.0000
160.0527 0.0000
160.0537 0.0000
160.0547 0.0000
160.0556 0.0000
160.0566 105.3854
160.0575 347.6144
160.0585 1162.2240
160.0595 2173.5540
160.0604 3072.3931
160.0614 2645.1169
160.0623 1585.2150
160.0633 604.9207
160.0643 126.7435
160.0651 0.0000
160.0661 0.0000
160.0671 0.0000
160.0680 0.0000
160.0882 0.0000
160.0892 0.0000
160.0901 0.0000
160.0911 0.0000
160.0920 122.0539
160.0930 366.9598
160.0940 1531.7910
160.0949 4925.6650
160.0959 8670.6055
160.0968 11633.4697
160.0978 9415.1670
160.0988 5588.2588
160.0997 2046.1010
160.1007 562.7192
160.1016 154.7711
160.1027 0.0000
160.1036 0.0000
160.1046 0.0000
160.1055 0.0000
161.0940 0.0000
161.0949 0.0000
161.0959 0.0000
161.0969 0.0000
161.0978 93.9264
161.0988 232.8179
161.0998 370.2168
161.1007 409.2121
161.1017 314.4409
161.1027 156.3364
161.1036 0.0000
161.1046 0.0000
161.1055 0.0000
161.1065 0.0000
162.0690 0.0000
162.0700 0.0000
162.0710 0.0000
162.0719 0.0000
162.0729 121.5765
162.0739 630.7288
162.0749 1313.7800
162.0758 1974.3540
162.0768 1772.3420
162.0778 1068.5070
162.0788 415.0724
162.0798 102.6404
162.0809 0.0000
162.0818 0.0000
162.0828 0.0000
162.0838 0.0000
165.0421 0.0000
165.0431 0.0000
165.0441 0.0000
165.0451 0.0000
165.0461 154.0533
165.0471 251.8326
165.0481 280.8344
165.0491 221.7354
165.0501 115.9336
165.0511 0.0000
165.0521 0.0000
165.0531 0.0000
165.0541 0.0000
168.0583 0.0000
168.0593 0.0000
168.0604 0.0000
168.0614 0.0000
168.0624 142.4620
168.0635 571.3917
168.0645 1039.0630
168.0655 1432.1920
168.0666 1169.8879
168.0676 658.0616
168.0686 170.1622
168.0696 0.0000
168.0707 0.0000
168.0717 0.0000
168.0727 0.0000
170.0746 0.0000
170.0756 0.0000
170.0767 0.0000
170.0777 0.0000
170.0788 152.5973
170.0798 300.6472
170.0809 384.7522
170.0820 334.5708
170.0830 185.5948
170.0842 0.0000
170.0853 0.0000
170.0863 0.0000
170.0874 0.0000
170.1095 0.0000
170.1105 0.0000
170.1116 0.0000
170.1126 0.0000
170.1137 148.5483
170.1147 548.6645
170.1158 1384.3850
170.1168 2298.8721
170.1179 2702.2590
170.1189 1912.2120
170.1200 1015.7120
170.1210 258.4729
170.1221 20.8853
170.1235 0.0000
170.1245 0.0000
170.1256 0.0000
170.1266 0.0000
171.0682 0.0000
171.0693 0.0000
171.0703 0.0000
171.0714 0.0000
171.0725 120.1901
171.0735 268.3525
171.0746 845.0779
171.0757 1570.9301
171.0767 2231.5850
171.0778 1906.0480
171.0788 1108.4170
171.0799 361.8220
171.0810 0.0000
171.0815 0.0000
171.0826 0.0000
171.0836 0.0000
171.0847 0.0000
171.1070 0.0000
171.1080 0.0000
171.1091 0.0000
171.1102 0.0000
171.1112 144.3954
171.1123 264.7447
171.1134 299.3824
171.1144 224.1135
171.1155 105.2309
171.1165 0.0000
171.1176 0.0000
171.1187 0.0000
171.1197 0.0000
172.0535 0.0000
172.0546 0.0000
172.0557 0.0000
172.0567 0.0000
172.0578 167.9540
172.0589 401.6392
172.0599 847.4575
172.0610 1043.6460
172.0621 754.6967
172.0632 330.3517
172.0642 126.0532
172.0653 0.0000
172.0663 0.0000
172.0674 0.0000
172.0685 0.0000
172.0877 0.0000
172.0888 0.0000
172.0899 0.0000
172.0910 0.0000
172.0920 51.4408
172.0931 250.9338
172.0942 1018.6350
172.0952 2277.0081
172.0963 3632.4600
172.0974 3842.4141
172.0985 2548.5190
172.0995 1279.3650
172.1006 338.4992
172.1017 65.7443
172.1028 0.0000
172.1039 0.0000
172.1049 0.0000
172.1060 0.0000
172.1242 0.0000
172.1253 0.0000
172.1264 0.0000
172.1274 0.0000
172.1285 67.3372
172.1296 283.5165
172.1307 1114.7640
172.1317 2398.5750
172.1328 3768.8259
172.1339 3752.1541
172.1349 2367.3459
172.1360 1071.5780
172.1371 243.4973
172.1381 49.2386
172.1396 0.0000
172.1407 0.0000
172.1418 0.0000
172.1428 0.0000
173.0840 0.0000
173.0850 0.0000
173.0861 0.0000
173.0872 0.0000
173.0883 76.0050
173.0894 323.3876
173.0904 1045.4070
173.0915 1860.0540
173.0926 2483.8201
173.0937 1962.5770
173.0948 1137.0811
173.0958 328.0615
173.0969 0.0000
173.0976 0.0000
173.0987 353.0395
173.0998 349.6600
173.1009 236.7256
173.1020 88.3374
173.1030 0.0000
173.1041 0.0000
173.1052 0.0000
173.1063 0.0000
173.1225 0.0000
173.1236 0.0000
173.1246 0.0000
173.1257 0.0000
173.1268 107.4583
173.1279 246.2970
173.1290 337.2231
173.1300 316.9656
173.1311 204.8756
173.1322 85.5352
173.1333 0.0000
173.1343 0.0000
173.1354 0.0000
173.1365 0.0000
174.0673 0.0000
174.0684 0.0000
174.0695 0.0000
174.0705 0.0000
174.0716 142.6877
174.0727 587.3187
174.0738 2138.1140
174.0749 4076.4619
174.0760 5849.6099
174.0771 5100.4229
174.0782 3099.3821
174.0793 1239.9709
174.0803 335.8546
174.0814 156.0387
174.0825 0.0000
174.0836 0.0000
174.0847 0.0000
174.0858 0.0000
174.1043 0.0000
174.1054 0.0000
174.1065 0.0000
174.1076 0.0000
174.1087 86.1068
174.1098 251.9371
174.1109 624.5089
174.1120 1052.1851
174.1130 1165.1920
174.1141 797.0000
174.1152 300.1274
174.1163 99.3307
174.1174 0.0000
174.1185 0.0000
174.1196 0.0000
174.1207 0.0000
175.0385 0.0000
175.0396 0.0000
175.0407 0.0000
175.0418 0.0000
175.0429 103.0869
175.0440 209.4964
175.0451 268.5854
175.0462 236.9735
175.0473 138.0548
175.0484 0.0000
175.0495 0.0000
175.0506 0.0000
175.0517 0.0000
176.0478 0.0000
176.0489 0.0000
176.0500 0.0000
176.0511 0.0000
176.0522 103.0464
176.0534 223.0723
176.0545 360.1513
176.0556 437.4520
176.0567 394.4725
176.0578 251.8453
176.0589 98.5584
176.0600 0.0000
176.0611 0.0000
176.0622 0.0000
176.0633 0.0000
176.0844 0.0000
176.0855 0.0000
176.0866 0.0000
176.0877 0.0000
176.0888 0.0000
176.0899 391.5592
176.0910 814.7687
176.0921 617.6859
176.0932 406.0091
176.0944 220.9958
176.0955 234.1484
176.0966 318.4286
176.0977 280.5585
176.0988 146.8585
176.1000 0.0000
176.1011 0.0000
176.1022 0.0000
176.1033 0.0000
177.0905 0.0000
177.0916 0.0000
177.0928 0.0000
177.0939 0.0000
177.0950 60.7422
177.0961 374.5456
177.0972 1133.1370
177.0984 1954.5870
177.0995 2422.2839
177.1006 1787.2460
177.1017 991.8150
177.1028 275.2117
177.1039 48.6924
177.1050 0.0000
177.1061 0.0000
177.1072 0.0000
177.1083 0.0000
178.1007 0.0000
178.1018 0.0000
178.1029 0.0000
178.1040 0.0000
178.1052 99.8910
178.1063 247.7724
178.1074 348.0409
178.1086 321.9144
178.1097 195.3701
178.1109 0.0000
178.1120 0.0000
178.1131 0.0000
178.1143 0.0000
184.0891 0.0000
184.0903 0.0000
184.0915 0.0000
184.0926 0.0000
184.0938 146.6984
184.0950 350.4612
184.0962 543.8752
184.0974 578.8321
184.0986 423.0376
184.0997 195.7003
184.1008 0.0000
184.1020 0.0000
184.1032 0.0000
184.1044 0.0000
184.1245 0.0000
184.1257 0.0000
184.1269 0.0000
184.1281 0.0000
184.1293 164.0434
184.1304 783.9128
184.1316 1750.1830
184.1328 2771.3840
184.1340 2765.6831
184.1352 1751.3530
184.1364 800.8182
184.1376 205.4323
184.1387 65.5026
184.1400 0.0000
184.1412 0.0000
184.1424 0.0000
184.1436 0.0000
185.0834 0.0000
185.0846 0.0000
185.0858 0.0000
185.0870 0.0000
185.0882 153.8219
185.0894 388.6801
185.0906 822.5273
185.0918 1252.4290
185.0930 1171.0140
185.0942 729.1097
185.0953 239.4719
185.0965 68.5162
185.0977 0.0000
185.0989 0.0000
185.1001 0.0000
185.1013 0.0000
186.0629 0.0000
186.0641 0.0000
186.0653 0.0000
186.0665 0.0000
186.0677 37.6854
186.0690 903.2017
186.0702 1325.1780
186.0714 3505.6111
186.0726 12722.9404
186.0738 39672.1289
186.0750 69762.7031
186.0762 93778.4531
186.0774 76102.8438
186.0786 45244.0312
186.0798 16516.3301
186.0810 4500.9751
186.0822 1543.3170
186.0834 1317.5110
186.0846 421.2989
186.0858 220.9246
186.0870 0.0000
186.0882 0.0000
186.0894 0.0000
186.0906 0.0000
186.0918 0.0000
186.1039 0.0000
186.1051 0.0000
186.1063 0.0000
186.1075 0.0000
186.1087 105.8028
186.1099 315.0539
186.1111 782.3206
186.1123 1138.6750
186.1135 983.8325
186.1147 551.7952
186.1159 184.2838
186.1171 0.0000
186.1183 0.0000
186.1195 0.0000
186.1208 0.0000
187.0648 0.0000
187.0661 0.0000
187.0673 0.0000
187.0685 0.0000
187.0697 10.7185
187.0709 224.2171
187.0721 232.4976
187.0733 305.2567
187.0746 404.1147
187.0758 1181.9709
187.0770 3839.5281
187.0782 7124.4702
187.0794 10090.7900
187.0806 8742.2939
187.0818 5284.2529
187.0831 2098.7600
187.0843 523.1375
187.0855 138.7362
187.0867 0.0000
187.0879 0.0000
187.0891 0.0000
187.0903 0.0000
187.0988 0.0000
187.1000 0.0000
187.1012 0.0000
187.1025 0.0000
187.1037 166.1626
187.1049 724.6782
187.1061 1607.1210
187.1073 2549.0830
187.1085 2608.7649
187.1097 1695.3430
187.1110 822.0484
187.1122 200.2154
187.1134 0.0000
187.1146 0.0000
187.1158 0.0000
187.1170 0.0000
188.0724 0.0000
188.0736 0.0000
188.0748 0.0000
188.0760 0.0000
188.0773 100.9509
188.0785 268.4334
188.0797 455.1196
188.0809 557.1544
188.0821 547.2062
188.0834 473.8114
188.0846 262.7031
188.0858 72.0475
188.0870 42.1456
188.0883 298.9870
188.0895 1091.8060
188.0907 1916.3030
188.0919 2476.7571
188.0932 1861.7340
188.0944 1048.1740
188.0956 291.1102
188.0968 13.3500
188.0981 0.0000
188.0993 0.0000
188.1005 0.0000
188.1017 0.0000
188.1152 0.0000
188.1164 0.0000
188.1176 0.0000
188.1189 0.0000
188.1201 114.4609
188.1213 233.2117
188.1225 271.5394
188.1237 815.9706
188.1250 3008.8110
188.1262 7122.4590
188.1274 11570.4199
188.1286 12953.7197
188.1299 8948.4170
188.1311 4713.1421
188.1323 1363.6500
188.1335 372.8770
188.1348 246.0890
188.1360 202.3762
188.1372 0.0000
188.1384 0.0000
188.1397 0.0000
188.1409 0.0000
189.0770 0.0000
189.0782 0.0000
189.0794 0.0000
189.0807 0.0000
189.0819 95.0533
189.0831 278.4815
189.0844 784.9833
189.0856 1339.0690
189.0868 1734.6460
189.0881 1400.0070
189.0893 825.5610
189.0905 261.7545
189.0918 127.8662
189.0930 0.0000
189.0942 0.0000
189.0955 0.0000
189.0967 0.0000
189.1226 0.0000
189.1238 0.0000
189.1251 0.0000
189.1263 0.0000
189.1275 144.1010
189.1288 314.8576
189.1300 763.2012
189.1312 1226.2410
189.1325 1194.4480
189.1337 744.9841
189.1349 243.7344
189.1362 66.1501
189.1374 0.0000
189.1387 0.0000
189.1399 0.0000
189.1411 0.0000
190.0598 0.0000
190.0611 0.0000
190.0623 0.0000
190.0636 0.0000
190.0648 9.0574
190.0661 320.7600
190.0673 1365.1591
190.0685 4269.9570
190.0698 7541.7671
190.0710 10179.8896
190.0723 8336.8066
190.0735 4979.9092
190.0748 1857.4611
190.0760 470.9099
190.0772 107.5856
190.0783 0.0000
190.0796 0.0000
190.0808 0.0000
190.0820 0.0000
190.0982 0.0000
190.0994 0.0000
190.1007 0.0000
190.1019 0.0000
190.1032 146.0393
190.1044 673.3618
190.1057 1379.3700
190.1069 2085.0979
190.1082 1987.3110
190.1094 1266.3480
190.1106 578.6595
190.1119 165.2207
190.1133 0.0000
190.1145 0.0000
190.1158 0.0000
190.1170 0.0000
191.0667 0.0000
191.0679 0.0000
191.0692 0.0000
191.0704 0.0000
191.0717 184.1353
191.0729 359.9770
191.0742 460.2060
191.0754 404.3631
191.0767 237.2461
191.0779 77.7839
191.0793 0.0000
191.0805 0.0000
191.0818 0.0000
191.0830 0.0000
197.0835 0.0000
197.0848 0.0000
197.0861 0.0000
197.0875 0.0000
197.0888 106.0281
197.0901 242.1394
197.0914 360.9738
197.0927 387.0734
197.0940 301.3161
197.0953 161.4754
197.0966 0.0000
197.0979 0.0000
197.0993 0.0000
197.1006 0.0000
199.0986 0.0000
199.1000 0.0000
199.1013 0.0000
199.1026 0.0000
199.1040 119.8305
199.1053 282.4605
199.1066 435.3226
199.1080 481.3062
199.1093 391.1574
199.1106 230.2703
199.1119 93.2653
199.1133 0.0000
199.1146 0.0000
199.1159 0.0000
199.1173 0.0000
200.0829 0.0000
200.0842 0.0000
200.0856 0.0000
200.0869 0.0000
200.0883 149.9308
200.0896 303.8439
200.0909 418.2212
200.0923 408.5433
200.0936 277.5001
200.0950 117.2448
200.0970 0.0000
200.0983 0.0000
200.0997 0.0000
200.1010 0.0000
200.1184 0.0000
200.1198 0.0000
200.1211 0.0000
200.1225 0.0000
200.1238 116.0648
200.1252 437.4663
200.1265 1008.2890
200.1278 1651.7650
200.1292 1889.7650
200.1305 1291.5970
200.1319 640.7078
200.1332 77.0031
200.1339 0.0000
200.1352 0.0000
200.1366 0.0000
200.1379 0.0000
201.0772 0.0000
201.0785 0.0000
201.0799 0.0000
201.0812 0.0000
201.0826 170.7225
201.0839 490.6688
201.0853 994.6015
201.0866 1507.4020
201.0880 1417.0150
201.0893 884.0092
201.0907 391.7291
201.0920 105.6579
201.0934 0.0000
201.0947 0.0000
201.0961 0.0000
201.0974 0.0000
201.1137 0.0000
201.1150 0.0000
201.1164 0.0000
201.1177 0.0000
201.1191 82.7299
201.1204 259.1412
201.1218 502.4692
201.1231 1024.4390
201.1245 946.3255
201.1259 469.9815
201.1272 232.0653
201.1286 79.9665
201.1299 0.0000
201.1313 0.0000
201.1326 0.0000
201.1340 0.0000
202.0625 0.0000
202.0639 0.0000
202.0653 0.0000
202.0666 0.0000
202.0680 202.2287
202.0693 378.9070
202.0707 493.2732
202.0721 460.7946
202.0734 300.8383
202.0748 121.2356
202.0761 0.0000
202.0775 0.0000
202.0789 0.0000
202.0802 0.0000
202.0979 0.0000
202.0993 0.0000
202.1007 0.0000
202.1020 0.0000
202.1034 152.9958
202.1048 673.1222
202.1061 1240.7780
202.1075 1692.4351
202.1088 1382.8149
202.1102 824.6938
202.1116 306.9666
202.1129 92.5264
202.1143 0.0000
202.1157 0.0000
202.1170 0.0000
202.1184 0.0000
202.1347 0.0000
202.1361 0.0000
202.1375 0.0000
202.1388 0.0000
202.1402 184.5053
202.1416 526.2209
202.1429 933.0189
202.1443 1121.8270
202.1456 778.1712
202.1470 332.8633
202.1484 119.6462
202.1498 0.0000
202.1512 0.0000
202.1525 0.0000
202.1539 0.0000
204.0787 0.0000
204.0801 0.0000
204.0814 0.0000
204.0828 0.0000
204.0842 146.9236
204.0856 272.9050
204.0870 335.3745
204.0883 286.2831
204.0897 162.7959
204.0911 0.0000
204.0925 0.0000
204.0939 0.0000
204.0953 0.0000
205.1099 0.0000
205.1113 0.0000
205.1127 0.0000
205.1141 0.0000
205.1155 79.5281
205.1169 257.7310
205.1182 416.1917
205.1196 432.2314
205.1210 295.9239
205.1224 122.9543
205.1238 0.0000
205.1252 0.0000
205.1266 0.0000
205.1280 0.0000
206.0928 0.0000
206.0942 0.0000
206.0956 0.0000
206.0970 0.0000
206.0984 208.7005
206.0998 665.4291
206.1012 1145.2170
206.1026 1358.3101
206.1040 981.2508
206.1054 380.4325
206.1068 139.5383
206.1082 0.0000
206.1096 0.0000
206.1110 0.0000
206.1124 0.0000
206.1307 0.0000
206.1321 0.0000
206.1335 0.0000
206.1349 0.0000
206.1363 125.6692
206.1377 244.9716
206.1391 317.0947
206.1405 284.6581
206.1419 168.2951
206.1433 0.0000
206.1447 0.0000
206.1461 0.0000
206.1475 0.0000
209.1173 0.0000
209.1187 0.0000
209.1202 0.0000
209.1216 0.0000
209.1230 109.6088
209.1245 366.2862
209.1259 912.3683
209.1273 1494.9980
209.1288 1771.2990
209.1302 1270.0760
209.1316 671.8691
209.1331 129.9962
209.1345 0.0000
209.1359 0.0000
209.1374 0.0000
209.1388 0.0000
212.1194 0.0000
212.1209 0.0000
212.1224 0.0000
212.1238 0.0000
212.1253 193.5271
212.1268 349.8043
212.1282 421.0461
212.1297 353.0279
212.1312 195.6953
212.1326 0.0000
212.1341 0.0000
212.1356 0.0000
212.1370 0.0000
213.1134 0.0000
213.1149 0.0000
213.1163 0.0000
213.1178 0.0000
213.1193 67.7905
213.1208 220.8099
213.1222 371.8595
213.1237 410.1240
213.1252 311.7716
213.1267 156.2350
213.1282 0.0000
213.1297 0.0000
213.1312 0.0000
213.1326 0.0000
215.0910 0.0000
215.0925 0.0000
215.0940 0.0000
215.0955 0.0000
215.0970 130.3512
215.0985 266.5867
215.1000 796.2361
215.1015 1381.8190
215.1030 1658.0240
215.1045 1162.3240
215.1060 593.6567
215.1075 118.8276
215.1090 0.0000
215.1104 0.0000
215.1119 0.0000
215.1134 0.0000
216.0773 0.0000
216.0788 0.0000
216.0803 0.0000
216.0818 0.0000
216.0833 130.8955
216.0848 301.3140
216.0863 427.8347
216.0879 407.1242
216.0894 252.4469
216.0909 84.3895
216.0924 0.0000
216.0939 0.0000
216.0954 0.0000
216.0969 0.0000
216.1120 0.0000
216.1135 0.0000
216.1150 0.0000
216.1165 0.0000
216.1180 108.6150
216.1195 247.4227
216.1210 547.8969
216.1225 948.9754
216.1240 1024.2280
216.1255 636.1561
216.1270 274.7842
216.1285 99.2110
216.1300 0.0000
216.1315 0.0000
216.1331 0.0000
216.1346 0.0000
217.1463 0.0000
217.1478 0.0000
217.1493 0.0000
217.1508 0.0000
217.1523 177.3719
217.1539 309.9297
217.1554 367.5976
217.1569 306.7310
217.1584 170.0404
217.1599 0.0000
217.1614 0.0000
217.1630 0.0000
217.1645 0.0000
218.0551 0.0000
218.0566 0.0000
218.0582 0.0000
218.0597 0.0000
218.0612 91.5084
218.0627 258.3940
218.0643 497.5300
218.0658 929.9589
218.0673 619.5236
218.0689 415.0728
218.0704 188.6266
218.0719 0.0000
218.0734 0.0000
218.0750 0.0000
218.0765 0.0000
218.0933 0.0000
218.0948 0.0000
218.0963 0.0000
218.0979 0.0000
218.0994 126.4699
218.1009 265.0113
218.1025 338.5632
218.1040 287.9585
218.1055 155.7122
218.1070 0.0000
218.1086 0.0000
218.1101 0.0000
218.1116 0.0000
218.1269 0.0000
218.1284 0.0000
218.1300 0.0000
218.1315 0.0000
218.1330 105.6666
218.1345 263.2993
218.1361 772.3198
218.1376 1337.1720
218.1391 1587.6990
218.1407 1128.1860
218.1422 604.4509
218.1437 172.4975
218.1452 0.0000
218.1468 0.0000
218.1483 0.0000
218.1498 0.0000
219.0880 0.0000
219.0896 0.0000
219.0911 0.0000
219.0927 0.0000
219.0942 204.8756
219.0957 531.7590
219.0973 902.9905
219.0988 967.5941
219.1003 493.3088
219.1019 231.2399
219.1034 66.6996
219.1050 0.0000
219.1065 0.0000
219.1080 0.0000
219.1096 0.0000
219.1250 0.0000
219.1265 0.0000
219.1280 0.0000
219.1296 0.0000
219.1311 122.6348
219.1326 242.3244
219.1342 292.5209
219.1357 232.2526
219.1373 108.1685
219.1388 0.0000
219.1403 0.0000
219.1419 0.0000
219.1434 0.0000
220.0726 0.0000
220.0741 0.0000
220.0757 0.0000
220.0772 0.0000
220.0788 191.9868
220.0803 293.7460
220.0819 330.0556
220.0834 272.0660
220.0850 155.0979
220.0865 0.0000
220.0880 0.0000
220.0896 0.0000
220.0911 0.0000
227.0907 0.0000
227.0923 0.0000
227.0939 0.0000
227.0955 0.0000
227.0972 88.8807
227.0988 253.1546
227.1004 487.5625
227.1020 993.8713
227.1037 943.1404
227.1053 472.3628
227.1069 226.1378
227.1085 76.5288
227.1102 0.0000
227.1118 0.0000
227.1134 0.0000
227.1150 0.0000
227.1264 0.0000
227.1280 0.0000
227.1296 0.0000
227.1313 0.0000
227.1329 105.3562
227.1345 258.6544
227.1361 481.3549
227.1377 997.0569
227.1394 1019.6730
227.1410 507.4912
227.1426 257.5504
227.1442 83.3135
227.1459 0.0000
227.1476 0.0000
227.1492 0.0000
227.1508 0.0000
229.0707 0.0000
229.0723 0.0000
229.0740 0.0000
229.0756 0.0000
229.0773 126.9907
229.0789 569.9008
229.0806 1015.2130
229.0822 1300.5110
229.0838 957.4182
229.0855 524.4843
229.0871 159.4253
229.0887 0.0000
229.0904 0.0000
229.0920 0.0000
229.0937 0.0000
229.1052 0.0000
229.1068 0.0000
229.1085 0.0000
229.1101 0.0000
229.1117 116.7346
229.1134 536.2758
229.1150 1741.1470
229.1167 3033.0591
229.1183 3999.7520
229.1200 3133.5100
229.1216 1813.6770
229.1233 589.6293
229.1249 116.2000
229.1266 0.0000
229.1282 0.0000
229.1299 0.0000
229.1315 0.0000
230.1267 0.0000
230.1283 0.0000
230.1300 0.0000
230.1316 0.0000
230.1333 74.3776
230.1349 562.7241
230.1366 1175.2760
230.1383 1777.9709
230.1399 1649.8950
230.1416 1016.0410
230.1432 425.6674
230.1449 148.7233
230.1465 0.0000
230.1482 0.0000
230.1498 0.0000
230.1515 0.0000
231.0850 0.0000
231.0866 0.0000
231.0883 0.0000
231.0900 0.0000
231.0916 81.0204
231.0933 229.3610
231.0950 446.6620
231.0966 607.1460
231.0983 593.1842
231.1000 412.2333
231.1016 194.6792
231.1033 0.0000
231.1050 0.0000
231.1066 0.0000
231.1083 0.0000
231.1233 0.0000
231.1250 0.0000
231.1266 0.0000
231.1283 0.0000
231.1300 200.1659
231.1316 449.7001
231.1333 639.5404
231.1350 615.6536
231.1366 391.7995
231.1383 143.0859
231.1400 0.0000
231.1416 0.0000
231.1433 0.0000
231.1450 0.0000
232.1080 0.0000
232.1096 0.0000
232.1113 0.0000
232.1130 0.0000
232.1147 99.6906
232.1163 229.1123
232.1180 307.7151
232.1197 272.1304
232.1214 150.2872
232.1230 0.0000
232.1247 0.0000
232.1264 0.0000
232.1281 0.0000
232.1432 0.0000
232.1449 0.0000
232.1465 0.0000
232.1482 0.0000
232.1499 141.7643
232.1516 254.4456
232.1532 313.9745
232.1549 265.2381
232.1566 138.3965
232.1583 0.0000
232.1599 0.0000
232.1616 0.0000
232.1633 0.0000
233.1023 0.0000
233.1040 0.0000
233.1057 0.0000
233.1074 0.0000
233.1091 174.4242
233.1107 351.4926
233.1124 461.5934
233.1141 425.7045
233.1158 274.8985
233.1175 115.1543
233.1192 0.0000
233.1209 0.0000
233.1226 0.0000
233.1242 0.0000
233.1377 0.0000
233.1394 0.0000
233.1411 0.0000
233.1428 0.0000
233.1445 107.2549
233.1462 274.2215
233.1479 450.7063
233.1496 512.0159
233.1513 403.2283
233.1529 204.3266
233.1546 0.0000
233.1563 0.0000
233.1580 0.0000
233.1597 0.0000
234.1234 0.0000
234.1251 0.0000
234.1268 0.0000
234.1285 0.0000
234.1302 102.0100
234.1319 259.0775
234.1336 381.2327
234.1353 366.1231
234.1370 229.8090
234.1387 80.6803
234.1404 0.0000
234.1421 0.0000
234.1438 0.0000
234.1455 0.0000
241.1058 0.0000
241.1075 0.0000
241.1093 0.0000
241.1111 0.0000
241.1129 111.5842
241.1146 288.4563
241.1164 522.1950
241.1182 639.6938
241.1200 544.0799
241.1217 308.6774
241.1235 98.5516
241.1253 0.0000
241.1271 0.0000
241.1288 0.0000
241.1306 0.0000
241.1430 0.0000
241.1448 0.0000
241.1466 0.0000
241.1484 0.0000
241.1501 202.4458
241.1519 367.8028
241.1537 492.8828
241.1555 495.8755
241.1573 368.8235
241.1590 190.2985
241.1608 0.0000
241.1626 0.0000
241.1644 0.0000
241.1661 0.0000
242.1031 0.0000
242.1049 0.0000
242.1067 0.0000
242.1085 0.0000
242.1103 178.6565
242.1121 310.1737
242.1139 354.8046
242.1157 277.7531
242.1174 142.3928
242.1192 0.0000
242.1210 0.0000
242.1228 0.0000
242.1246 0.0000
242.1264 0.0000
242.1282 0.0000
242.1299 0.0000
242.1317 0.0000
242.1335 169.2257
242.1353 285.9382
242.1371 368.4368
242.1389 357.5226
242.1407 248.5412
242.1425 112.2945
242.1443 0.0000
242.1461 0.0000
242.1479 0.0000
242.1497 0.0000
243.1230 0.0000
243.1248 0.0000
243.1266 0.0000
243.1284 0.0000
243.1302 209.1246
243.1320 405.9771
243.1338 540.2764
243.1356 508.6637
243.1374 333.2510
243.1392 141.6791
243.1410 0.0000
243.1428 0.0000
243.1446 0.0000
243.1464 0.0000
243.1482 112.1083
243.1500 278.3020
243.1518 425.2142
243.1536 434.7802
243.1554 300.1479
243.1572 134.3605
243.1590 0.0000
243.1608 0.0000
243.1626 0.0000
243.1644 0.0000
243.1662 182.2153
243.1679 361.4738
243.1697 496.2951
243.1715 476.8717
243.1733 310.9225
243.1751 124.5525
243.1771 0.0000
243.1789 0.0000
243.1807 0.0000
243.1825 0.0000
244.1404 0.0000
244.1422 0.0000
244.1440 0.0000
244.1458 0.0000
244.1476 119.8263
244.1494 282.4109
244.1512 855.7755
244.1530 1477.8940
244.1548 1941.8300
244.1567 1501.8060
244.1585 843.5809
244.1603 237.2703
244.1621 125.9436
244.1641 0.0000
244.1659 0.0000
244.1677 0.0000
244.1695 0.0000
245.0986 0.0000
245.1004 0.0000
245.1023 0.0000
245.1041 0.0000
245.1059 109.3376
245.1077 350.7719
245.1095 1132.4890
245.1114 2164.9451
245.1132 3160.7490
245.1150 2841.8799
245.1168 1706.6560
245.1186 658.7194
245.1205 73.4535
245.1219 0.0000
245.1237 0.0000
245.1255 0.0000
245.1274 0.0000
245.1365 0.0000
245.1383 0.0000
245.1401 0.0000
245.1419 0.0000
245.1437 143.7834
245.1456 248.0342
245.1474 653.9222
245.1492 1083.8500
245.1510 566.9301
245.1528 260.7636
245.1547 12.1983
245.1565 0.0000
245.1583 0.0000
245.1601 0.0000
245.1619 0.0000
246.0857 0.0000
246.0876 0.0000
246.0894 0.0000
246.0912 0.0000
246.0931 176.0127
246.0949 347.4759
246.0967 442.7475
246.0986 388.5453
246.1004 230.4897
246.1022 85.0474
246.1041 0.0000
246.1059 0.0000
246.1077 0.0000
246.1095 0.0000
246.1517 0.0000
246.1535 0.0000
246.1553 0.0000
246.1572 0.0000
246.1590 145.0057
246.1608 527.8301
246.1627 984.5001
246.1645 1369.7760
246.1663 1141.7670
246.1682 664.5098
246.1700 197.7746
246.1711 0.0000
246.1729 0.0000
246.1748 0.0000
246.1766 0.0000
253.1028 0.0000
253.1048 0.0000
253.1067 0.0000
253.1086 0.0000
253.1105 37.9330
253.1124 314.3231
253.1143 983.0850
253.1162 1681.2750
253.1181 2010.5940
253.1200 1434.8480
253.1219 764.0299
253.1239 277.1987
253.1258 98.3979
253.1284 0.0000
253.1303 0.0000
253.1322 0.0000
253.1341 0.0000
255.0859 0.0000
255.0879 0.0000
255.0898 0.0000
255.0917 0.0000
255.0937 158.5778
255.0956 294.0266
255.0975 370.6216
255.0995 333.7093
255.1014 210.0380
255.1033 0.0000
255.1053 0.0000
255.1072 0.0000
255.1091 0.0000
255.1207 0.0000
255.1226 0.0000
255.1246 0.0000
255.1265 0.0000
255.1284 114.1645
255.1304 261.4630
255.1323 401.3747
255.1342 433.8578
255.1362 331.9554
255.1381 166.3214
255.1400 0.0000
255.1420 0.0000
255.1439 0.0000
255.1458 0.0000
256.1170 0.0000
256.1189 0.0000
256.1209 0.0000
256.1228 0.0000
256.1248 147.8964
256.1267 277.6773
256.1286 341.1593
256.1306 284.7158
256.1325 151.3246
256.1345 0.0000
256.1364 0.0000
256.1384 0.0000
256.1403 0.0000
256.1422 73.2858
256.1442 221.5055
256.1461 606.0049
256.1481 1037.4821
256.1500 1220.7810
256.1520 843.4742
256.1539 424.8132
256.1559 144.8905
256.1578 0.0000
256.1597 0.0000
256.1617 0.0000
256.1636 0.0000
257.1015 0.0000
257.1034 0.0000
257.1054 0.0000
257.1074 0.0000
257.1093 164.8614
257.1113 269.6438
257.1132 314.4941
257.1152 257.0208
257.1171 135.8809
257.1194 0.0000
257.1213 0.0000
257.1233 0.0000
257.1252 0.0000
257.1350 0.0000
257.1370 0.0000
257.1389 0.0000
257.1409 0.0000
257.1428 132.1114
257.1448 325.5446
257.1468 963.1514
257.1487 1687.4640
257.1507 2291.4241
257.1526 1945.5920
257.1546 1173.3330
257.1565 455.6543
257.1585 50.9997
257.1602 0.0000
257.1621 0.0000
257.1641 0.0000
257.1660 0.0000
257.1738 0.0000
257.1758 0.0000
257.1778 0.0000
257.1797 0.0000
257.1817 177.6498
257.1836 315.8755
257.1856 384.2462
257.1875 329.0016
257.1895 187.4942
257.1915 0.0000
257.1935 0.0000
257.1954 0.0000
257.1974 0.0000
259.0818 0.0000
259.0837 0.0000
259.0857 0.0000
259.0877 0.0000
259.0897 196.2762
259.0917 319.7845
259.0936 339.5274
259.0956 241.0919
259.0976 101.3602
259.0994 0.0000
259.1014 0.0000
259.1033 0.0000
259.1053 0.0000
259.1132 0.0000
259.1152 0.0000
259.1172 0.0000
259.1192 0.0000
259.1212 36.9974
259.1231 378.9739
259.1251 1072.6870
259.1271 1820.9960
259.1291 2166.3110
259.1310 1545.1940
259.1330 830.9250
259.1350 221.7720
259.1370 23.5293
259.1391 0.0000
259.1410 0.0000
259.1430 0.0000
259.1450 0.0000
260.0973 0.0000
260.0993 0.0000
260.1013 0.0000
260.1033 0.0000
260.1053 113.4589
260.1072 617.9882
260.1092 1759.1710
260.1112 2994.4399
260.1132 3637.7710
260.1152 2638.3821
260.1172 1451.9430
260.1192 426.1476
260.1212 78.2087
260.1232 0.0000
260.1252 0.0000
260.1272 0.0000
260.1292 0.0000
260.6333 0.0000
260.6353 0.0000
260.6373 0.0000
260.6393 0.0000
260.6413 142.1875
260.6433 335.2036
260.6453 516.1976
260.6473 565.8898
260.6493 453.1570
260.6513 261.2433
260.6533 100.4104
260.6553 0.0000
260.6573 0.0000
260.6593 0.0000
260.6613 0.0000
261.0929 0.0000
261.0949 0.0000
261.0969 0.0000
261.0989 0.0000
261.1009 120.1149
261.1029 404.7411
261.1049 830.2169
261.1069 1264.2061
261.1089 1184.8220
261.1109 719.9114
261.1129 246.6075
261.1149 74.1598
261.1169 0.0000
261.1189 0.0000
261.1209 0.0000
261.1229 0.0000
261.1330 0.0000
261.1350 0.0000
261.1370 0.0000
261.1390 0.0000
261.1410 179.8517
261.1430 318.4392
261.1450 383.2970
261.1470 326.5160
261.1490 188.7706
261.1505 0.0000
261.1525 0.0000
261.1545 0.0000
261.1565 0.0000
261.1665 0.0000
261.1685 0.0000
261.1705 0.0000
261.1725 0.0000
261.1745 164.2981
261.1765 765.0630
261.1785 1417.7520
261.1805 1899.8170
261.1825 1470.4310
261.1845 831.4839
261.1865 246.3729
261.1885 119.9293
261.1915 0.0000
261.1935 0.0000
261.1955 0.0000
261.1975 0.0000
262.1249 0.0000
262.1269 0.0000
262.1289 0.0000
262.1309 0.0000
262.1329 135.8899
262.1349 377.3128
262.1369 974.9929
262.1390 1612.4620
262.1410 1969.5280
262.1430 1502.6150
262.1450 858.1995
262.1470 266.9662
262.1490 0.0000
262.1506 0.0000
262.1526 0.0000
262.1546 0.0000
262.1566 0.0000
262.1586 198.2905
262.1607 424.8684
262.1627 890.8030
262.1647 968.7325
262.1667 623.0283
262.1687 279.5977
262.1707 102.5740
262.1727 0.0000
262.1747 0.0000
262.1768 0.0000
262.1788 0.0000
263.1094 0.0000
263.1114 0.0000
263.1134 0.0000
263.1155 0.0000
263.1175 61.3191
263.1195 225.8712
263.1215 410.5496
263.1236 494.6618
263.1256 417.0887
263.1276 240.0414
263.1296 85.3373
263.1317 0.0000
263.1337 0.0000
263.1357 0.0000
263.1377 0.0000
267.0846 0.0000
267.0867 0.0000
267.0888 0.0000
267.0908 0.0000
267.0929 127.4682
267.0950 236.9549
267.0971 284.9295
267.0991 229.7594
267.1012 112.0890
267.1033 0.0000
267.1053 0.0000
267.1074 0.0000
267.1095 0.0000
268.0374 0.0000
268.0394 0.0000
268.0415 0.0000
268.0436 0.0000
268.0457 187.2338
268.0478 367.9885
268.0498 529.8254
268.0519 563.7114
268.0540 437.1828
268.0561 230.3842
268.0582 67.7639
268.0603 0.0000
268.0623 0.0000
268.0644 0.0000
268.0665 0.0000
269.1333 0.0000
269.1354 0.0000
269.1375 0.0000
269.1396 0.0000
269.1417 119.9506
269.1438 286.3702
269.1459 647.3818
269.1480 1065.7900
269.1501 1145.3311
269.1522 544.9127
269.1543 277.5945
269.1564 85.8278
269.1585 0.0000
269.1606 0.0000
269.1627 0.0000
269.1648 0.0000
271.1147 0.0000
271.1168 0.0000
271.1189 0.0000
271.1210 0.0000
271.1231 99.4137
271.1252 218.9277
271.1274 295.0203
271.1295 268.9335
271.1316 158.5306
271.1337 0.0000
271.1358 0.0000
271.1379 0.0000
271.1401 0.0000
271.1507 0.0000
271.1528 0.0000
271.1549 0.0000
271.1570 0.0000
271.1591 108.0689
271.1612 282.2184
271.1634 449.2306
271.1655 490.6650
271.1676 377.8366
271.1697 196.0355
271.1718 0.0000
271.1739 0.0000
271.1761 0.0000
271.1782 0.0000
272.1103 0.0000
272.1125 0.0000
272.1146 0.0000
272.1167 0.0000
272.1188 114.8330
272.1210 238.1526
272.1231 304.1456
272.1252 256.3082
272.1274 132.6678
272.1295 0.0000
272.1316 0.0000
272.1338 0.0000
272.1359 0.0000
273.0922 0.0000
273.0944 0.0000
273.0965 0.0000
273.0987 0.0000
273.1008 119.1461
273.1029 308.0330
273.1051 532.4857
273.1072 655.5745
273.1094 587.7047
273.1115 374.5299
273.1136 156.3183
273.1158 0.0000
273.1179 0.0000
273.1201 0.0000
273.1222 0.0000
273.1308 0.0000
273.1329 0.0000
273.1351 0.0000
273.1372 0.0000
273.1393 174.1403
273.1415 365.3984
273.1436 518.8724
273.1458 531.1975
273.1479 394.9086
273.1500 208.3198
273.1522 0.0000
273.1543 0.0000
273.1565 0.0000
273.1586 0.0000
273.1672 0.0000
273.1693 0.0000
273.1715 0.0000
273.1736 0.0000
273.1757 90.0968
273.1779 220.2332
273.1800 343.4348
273.1822 377.8087
273.1843 293.0841
273.1864 148.6705
273.1884 0.0000
273.1905 0.0000
273.1927 0.0000
273.1948 0.0000
275.1043 0.0000
275.1065 0.0000
275.1086 0.0000
275.1108 0.0000
275.1130 77.3715
275.1151 214.9913
275.1173 1006.5530
275.1195 2955.3301
275.1216 5013.9199
275.1238 6247.8511
275.1260 4673.5771
275.1281 2656.6160
275.1303 864.4658
275.1325 254.6522
275.1346 103.7668
275.1370 0.0000
275.1392 0.0000
275.1413 0.0000
275.1435 0.0000
275.1457 0.0000
275.1478 0.0000
275.1500 0.0000
275.1521 0.0000
275.1543 166.2408
275.1565 358.1526
275.1586 532.5237
275.1608 586.2585
275.1630 484.8021
275.1651 295.4220
275.1673 127.5077
275.1695 0.0000
275.1717 0.0000
275.1739 0.0000
275.1760 0.0000
276.1115 0.0000
276.1137 0.0000
276.1158 0.0000
276.1180 0.0000
276.1202 117.6987
276.1224 281.7015
276.1245 467.6224
276.1267 557.1411
276.1289 476.5260
276.1311 280.4301
276.1333 106.4342
276.1354 0.0000
276.1376 0.0000
276.1398 0.0000
276.1420 0.0000
279.1036 0.0000
279.1058 0.0000
279.1080 0.0000
279.1102 0.0000
279.1124 130.7656
279.1146 292.3418
279.1169 449.7124
279.1191 496.4724
279.1213 392.7811
279.1235 211.9706
279.1257 0.0000
279.1279 0.0000
279.1301 0.0000
279.1323 0.0000
279.1500 0.0000
279.1522 0.0000
279.1545 0.0000
279.1567 0.0000
279.1589 192.8248
279.1611 345.3121
279.1633 397.1825
279.1655 312.5336
279.1677 164.1958
279.1699 0.0000
279.1721 0.0000
279.1744 0.0000
279.1766 0.0000
284.1307 0.0000
284.1330 0.0000
284.1352 0.0000
284.1375 0.0000
284.1398 210.9206
284.1421 373.8857
284.1443 477.2841
284.1466 449.5400
284.1489 312.1284
284.1511 153.5136
284.1534 0.0000
284.1557 0.0000
284.1580 0.0000
284.1602 0.0000
285.0917 0.0000
285.0940 0.0000
285.0962 0.0000
285.0985 0.0000
285.1008 164.1035
285.1031 651.5052
285.1054 1166.8530
285.1077 1583.9020
285.1099 1251.3630
285.1122 686.7978
285.1145 126.5204
285.1168 0.0000
285.1191 0.0000
285.1214 0.0000
285.1236 0.0000
285.1305 0.0000
285.1328 0.0000
285.1351 0.0000
285.1373 0.0000
285.1396 153.3557
285.1419 384.3578
285.1442 857.2662
285.1465 1163.7390
285.1488 978.0425
285.1510 417.6581
285.1533 176.6383
285.1556 0.0000
285.1579 0.0000
285.1602 0.0000
285.1625 0.0000
286.1241 0.0000
286.1264 0.0000
286.1287 0.0000
286.1310 0.0000
286.1333 92.7916
286.1356 265.1641
286.1379 423.5425
286.1402 439.7601
286.1425 316.9216
286.1447 75.1424
286.1470 238.4700
286.1493 702.6490
286.1516 1359.9810
286.1539 2057.2771
286.1562 2544.2219
286.1585 2169.0439
286.1608 1351.0970
286.1631 577.5517
286.1654 60.5564
286.1674 0.0000
286.1697 0.0000
286.1720 0.0000
286.1743 0.0000
287.1064 0.0000
287.1087 0.0000
287.1110 0.0000
287.1134 0.0000
287.1157 143.8456
287.1180 737.9313
287.1203 1565.8760
287.1226 2432.6050
287.1249 2433.9319
287.1272 1599.3680
287.1295 797.8255
287.1318 175.9570
287.1334 0.0000
287.1357 0.0000
287.1380 0.0000
287.1403 0.0000
287.1426 0.0000
287.1449 0.0000
287.1472 209.5907
287.1495 1213.5140
287.1518 2435.8650
287.1541 3667.3660
287.1565 3623.0869
287.1588 2469.6819
287.1611 1346.6880
287.1634 526.5225
287.1657 123.5666
287.1690 0.0000
287.1713 0.0000
287.1737 0.0000
287.1760 0.0000
288.1524 0.0000
288.1548 0.0000
288.1571 0.0000
288.1594 0.0000
288.1617 201.9813
288.1640 378.2776
288.1664 478.5446
288.1687 439.0117
288.1710 291.7441
288.1733 133.6774
288.1756 0.0000
288.1780 0.0000
288.1803 0.0000
288.1826 0.0000
288.6449 0.0000
288.6472 0.0000
288.6495 0.0000
288.6519 0.0000
288.6542 110.4308
288.6565 258.0075
288.6588 357.8106
288.6612 331.7954
288.6635 200.7678
288.6658 0.0000
288.6681 0.0000
288.6705 0.0000
288.6728 0.0000
289.0896 0.0000
289.0919 0.0000
289.0943 0.0000
289.0966 0.0000
289.0989 187.8343
289.1013 320.3684
289.1036 366.6370
289.1059 285.1123
289.1083 137.2764
289.1109 0.0000
289.1132 0.0000
289.1155 0.0000
289.1179 0.0000
289.1202 0.0000
289.1225 0.0000
289.1248 0.0000
289.1272 149.4293
289.1295 233.8865
289.1318 737.4412
289.1342 2513.6189
289.1365 4933.5381
289.1388 7390.9600
289.1412 6929.4370
289.1435 4299.7930
289.1458 1889.4240
289.1482 435.7617
289.1505 85.3136
289.1526 0.0000
289.1549 0.0000
289.1572 0.0000
289.1596 0.0000
289.1619 0.0000
289.1642 0.0000
289.1666 0.0000
289.1689 143.9599
289.1712 330.0867
289.1736 508.5638
289.1759 554.0668
289.1782 441.9418
289.1806 254.3457
289.1829 97.4070
289.1852 0.0000
289.1875 0.0000
289.1899 0.0000
289.1922 0.0000
290.1298 0.0000
290.1321 0.0000
290.1345 0.0000
290.1368 0.0000
290.1392 179.0850
290.1415 347.9142
290.1438 437.6096
290.1462 387.1652
290.1485 239.6473
290.1509 94.5973
290.1532 0.0000
290.1556 0.0000
290.1579 0.0000
290.1602 0.0000
291.1379 0.0000
291.1402 0.0000
291.1426 0.0000
291.1449 0.0000
291.1473 94.8795
291.1496 512.4333
291.1520 1061.3900
291.1544 1620.9470
291.1567 1497.9611
291.1591 898.3834
291.1614 348.1316
291.1638 148.8870
291.1662 0.0000
291.1686 0.0000
291.1709 0.0000
291.1733 0.0000
297.0942 0.0000
297.0966 0.0000
297.0990 0.0000
297.1015 0.0000
297.1039 198.3647
297.1063 324.1789
297.1088 345.1982
297.1112 247.6127
297.1136 111.1488
297.1160 0.0000
297.1185 0.0000
297.1209 0.0000
297.1233 0.0000
300.1435 0.0000
300.1460 0.0000
300.1485 0.0000
300.1509 0.0000
300.1534 114.2248
300.1559 232.4472
300.1583 293.2817
300.1608 250.4842
300.1633 138.6805
300.1658 0.0000
300.1682 0.0000
300.1707 0.0000
300.1732 0.0000
301.1201 0.0000
301.1225 0.0000
301.1250 0.0000
301.1275 0.0000
301.1300 99.9968
301.1324 659.2344
301.1349 1837.2550
301.1374 3137.6121
301.1399 3799.5620
301.1424 2755.5229
301.1448 1526.4950
301.1473 457.9499
301.1498 49.5159
301.1522 0.0000
301.1546 0.0000
301.1571 0.0000
301.1596 0.0000
301.1621 0.0000
301.1645 20.8319
301.1670 259.5835
301.1695 1114.4700
301.1720 2483.6370
301.1745 3965.4160
301.1769 4101.3271
301.1794 2643.6631
301.1819 1262.6801
301.1844 311.1944
301.1869 73.6909
301.1886 0.0000
301.1911 0.0000
301.1936 0.0000
301.1961 0.0000
302.1154 0.0000
302.1179 0.0000
302.1204 0.0000
302.1229 0.0000
302.1254 79.8001
302.1279 571.8430
302.1304 1337.5220
302.1329 2169.4551
302.1354 2286.1741
302.1378 1539.6390
302.1403 815.3542
302.1428 284.4240
302.1453 87.4005
302.1486 0.0000
302.1511 0.0000
302.1536 0.0000
302.1561 0.0000
302.1636 0.0000
302.1661 0.0000
302.1686 0.0000
302.1711 0.0000
302.1735 109.2181
302.1760 236.2557
302.1785 358.6384
302.1810 407.8819
302.1835 357.5696
302.1860 243.4578
302.1885 125.7151
302.1911 0.0000
302.1936 0.0000
302.1961 0.0000
302.1986 0.0000
303.0976 0.0000
303.1001 0.0000
303.1026 0.0000
303.1051 0.0000
303.1076 42.3562
303.1101 238.0820
303.1126 986.8683
303.1151 2127.3579
303.1176 3342.2271
303.1201 3359.4580
303.1226 2164.2451
303.1251 1040.1720
303.1276 265.1926
303.1301 79.6985
303.1324 0.0000
303.1349 0.0000
303.1374 0.0000
303.1400 0.0000
303.1425 0.0000
303.1450 0.0000
303.1475 131.6611
303.1500 305.0603
303.1525 511.2929
303.1550 609.7121
303.1575 522.2783
303.1600 312.6581
303.1625 119.4624
303.1650 0.0000
303.1675 0.0000
303.1700 0.0000
303.1725 0.0000
305.1524 0.0000
305.1550 0.0000
305.1575 0.0000
305.1600 0.0000
305.1625 95.6428
305.1651 269.6963
305.1676 488.0456
305.1701 611.6620
305.1727 543.7576
305.1752 332.8049
305.1777 121.7356
305.1802 0.0000
305.1828 0.0000
305.1853 0.0000
305.1878 0.0000
309.6588 0.0000
309.6614 0.0000
309.6640 0.0000
309.6666 0.0000
309.6692 142.0750
309.6717 227.0269
309.6743 261.8323
309.6769 230.1702
309.6795 153.9404
309.6821 0.0000
309.6847 0.0000
309.6872 0.0000
309.6898 0.0000
310.1452 0.0000
310.1478 0.0000
310.1504 0.0000
310.1530 0.0000
310.1556 130.4946
310.1582 335.3163
310.1608 528.5403
310.1634 574.0498
310.1660 434.8430
310.1686 219.2931
310.1711 0.0000
310.1737 0.0000
310.1763 0.0000
310.1789 0.0000
311.1710 0.0000
311.1736 0.0000
311.1762 0.0000
311.1788 0.0000
311.1814 98.0684
311.1840 230.4280
311.1866 321.8420
311.1892 307.5427
311.1918 198.2598
311.1944 0.0000
311.1970 0.0000
311.1996 0.0000
311.2022 0.0000
313.1195 0.0000
313.1222 0.0000
313.1248 0.0000
313.1274 0.0000
313.1301 130.8737
313.1327 420.8759
313.1353 946.4923
313.1379 1514.4620
313.1406 1543.5200
313.1432 965.9670
313.1458 426.5430
313.1484 45.6291
313.1511 0.0000
313.1537 0.0000
313.1563 0.0000
313.1590 0.0000
314.1152 0.0000
314.1178 0.0000
314.1205 0.0000
314.1231 0.0000
314.1258 157.2724
314.1284 432.6657
314.1310 943.2357
314.1337 1466.5081
314.1363 1407.0200
314.1390 858.8660
314.1416 336.7591
314.1443 136.3668
314.1469 0.0000
314.1495 0.0000
314.1522 0.0000
314.1548 0.0000
315.1395 0.0000
315.1422 0.0000
315.1448 0.0000
315.1475 0.0000
315.1501 220.8499
315.1528 386.5276
315.1554 454.3771
315.1581 368.2507
315.1607 197.3132
315.1635 0.0000
315.1661 0.0000
315.1688 0.0000
315.1714 0.0000
317.1176 0.0000
317.1202 0.0000
317.1229 0.0000
317.1256 0.0000
317.1283 192.8301
317.1310 386.5393
317.1336 510.7119
317.1363 475.8055
317.1390 313.5593
317.1417 138.5407
317.1443 0.0000
317.1470 0.0000
317.1497 0.0000
317.1524 0.0000
317.1550 0.0000
317.1577 0.0000
317.1604 42.7210
317.1631 500.4412
317.1657 1509.3470
317.1684 2593.9719
317.1711 3189.9871
317.1738 2371.0940
317.1765 1336.8650
317.1791 417.8021
317.1818 145.6819
317.1845 0.0000
317.1872 0.0000
317.1899 0.0000
317.1926 0.0000
317.1953 0.0000
317.1979 0.0000
317.2006 124.4941
317.2033 265.2820
317.2060 382.7510
317.2086 392.4700
317.2113 283.1061
317.2140 133.2512
317.2167 0.0000
317.2194 0.0000
317.2220 0.0000
317.2247 0.0000
318.1593 0.0000
318.1620 0.0000
318.1647 0.0000
318.1674 0.0000
318.1701 136.9716
318.1728 259.8687
318.1754 311.4878
318.1781 254.1805
318.1808 141.5326
318.1835 0.0000
318.1862 0.0000
318.1889 0.0000
318.1916 0.0000
318.1943 145.8683
318.1970 682.1620
318.1997 1282.9640
318.2024 1778.8470
318.2051 1440.8610
318.2077 818.1180
318.2104 247.2003
318.2131 113.9256
318.2158 0.0000
318.2185 0.0000
318.2212 0.0000
318.2239 0.0000
319.1656 0.0000
319.1683 0.0000
319.1710 0.0000
319.1737 0.0000
319.1764 85.8348
319.1791 355.7180
319.1818 921.0012
319.1845 1535.7140
319.1872 1800.6870
319.1899 1241.9100
319.1926 626.9664
319.1953 114.7954
319.1980 0.0000
319.2007 0.0000
319.2035 0.0000
319.2062 0.0000
321.1462 0.0000
321.1489 0.0000
321.1516 0.0000
321.1543 0.0000
321.1571 132.1599
321.1598 437.0139
321.1625 877.1522
321.1653 1288.3640
321.1680 1120.9659
321.1707 651.2126
321.1735 231.6367
321.1762 0.0000
321.1789 0.0000
321.1816 0.0000
321.1844 0.0000
323.6555 0.0000
323.6583 0.0000
323.6610 0.0000
323.6638 0.0000
323.6665 221.1535
323.6693 365.9920
323.6721 389.2682
323.6748 260.3972
323.6776 94.9449
323.6803 0.0000
323.6831 0.0000
323.6859 0.0000
323.6886 0.0000
324.1587 0.0000
324.1614 0.0000
324.1642 0.0000
324.1670 0.0000
324.1697 97.4406
324.1725 511.8965
324.1753 978.7771
324.1780 1382.3390
324.1808 1163.3490
324.1836 672.6757
324.1864 244.8524
324.1891 86.4153
324.1919 0.0000
324.1947 0.0000
324.1974 0.0000
324.2002 0.0000
325.1519 0.0000
325.1547 0.0000
325.1574 0.0000
325.1602 0.0000
325.1630 166.5689
325.1658 260.2799
325.1686 294.4236
325.1713 243.7827
325.1741 136.4522
325.1769 0.0000
325.1797 0.0000
325.1825 0.0000
325.1852 0.0000
327.1352 0.0000
327.1380 0.0000
327.1408 0.0000
327.1436 0.0000
327.1464 127.6618
327.1492 246.8035
327.1520 330.9754
327.1548 319.8013
327.1576 218.1792
327.1604 0.0000
327.1632 0.0000
327.1661 0.0000
327.1689 0.0000
328.1337 0.0000
328.1365 0.0000
328.1393 0.0000
328.1421 0.0000
328.1449 157.8952
328.1478 358.5910
328.1506 796.8818
328.1534 1079.5250
328.1562 945.5620
328.1590 450.3126
328.1618 240.9830
328.1647 97.0603
328.1675 0.0000
328.1703 0.0000
328.1731 0.0000
328.1759 0.0000
329.1367 0.0000
329.1395 0.0000
329.1424 0.0000
329.1452 0.0000
329.1480 122.1902
329.1509 286.0346
329.1537 397.7799
329.1565 466.0205
329.1594 418.0817
329.1633 644.4158
329.1662 1725.3990
329.1690 3049.7839
329.1718 4025.0720
329.1747 3115.3330
329.1775 1752.1400
329.1803 404.2037
329.1831 0.0000
329.1848 0.0000
329.1877 0.0000
329.1905 0.0000
329.1933 0.0000
329.1962 0.0000
329.1990 0.0000
329.2018 113.5475
329.2047 238.7734
329.2075 301.4885
329.2103 245.7618
329.2132 114.8047
329.2160 0.0000
329.2188 0.0000
329.2217 0.0000
329.2245 0.0000
330.1557 0.0000
330.1586 0.0000
330.1614 0.0000
330.1643 0.0000
330.1671 86.8045
330.1700 251.0694
330.1728 404.0864
330.1757 435.1487
330.1785 319.7755
330.1813 147.8026
330.1842 0.0000
330.1871 0.0000
330.1899 0.0000
330.1928 0.0000
331.1252 0.0000
331.1281 0.0000
331.1310 0.0000
331.1338 0.0000
331.1367 60.0766
331.1395 313.4194
331.1424 1266.7950
331.1452 2909.1819
331.1481 4698.1812
331.1510 5103.8589
331.1538 3423.5459
331.1567 1742.5330
331.1595 446.0548
331.1624 52.2355
331.1652 0.0000
331.1681 0.0000
331.1709 0.0000
331.1738 0.0000
332.1277 0.0000
332.1305 0.0000
332.1334 0.0000
332.1363 0.0000
332.1391 138.9367
332.1420 289.4286
332.1449 428.5244
332.1478 502.8812
332.1506 491.9320
332.1535 405.7663
332.1564 275.9285
332.1592 149.4261
332.1621 0.0000
332.1650 0.0000
332.1678 0.0000
332.1707 0.0000
332.6565 0.0000
332.6594 0.0000
332.6622 0.0000
332.6651 0.0000
332.6680 103.5032
332.6709 251.3109
332.6738 384.0535
332.6766 402.1021
332.6795 279.7246
332.6824 103.9127
332.6853 0.0000
332.6881 0.0000
332.6910 0.0000
332.6939 0.0000
333.1462 0.0000
333.1491 0.0000
333.1520 0.0000
333.1549 0.0000
333.1577 143.5383
333.1606 350.8215
333.1635 540.0212
333.1664 576.9481
333.1693 440.5824
333.1722 234.6542
333.1750 89.8661
333.1779 0.0000
333.1808 0.0000
333.1837 0.0000
333.1866 0.0000
333.1895 0.0000
333.1923 198.7325
333.1952 685.7595
333.1981 1297.0430
333.2010 1815.2760
333.2039 1561.1190
333.2068 937.6426
333.2097 351.4822
333.2125 120.2290
333.2154 0.0000
333.2183 0.0000
333.2212 0.0000
333.2241 0.0000
335.1246 0.0000
335.1276 0.0000
335.1305 0.0000
335.1334 0.0000
335.1363 140.7300
335.1392 348.3026
335.1421 555.7877
335.1450 614.1548
335.1479 472.8218
335.1508 239.8188
335.1537 79.1347
335.1567 0.0000
335.1596 0.0000
335.1625 0.0000
335.1654 0.0000
336.1921 0.0000
336.1950 0.0000
336.1979 0.0000
336.2009 0.0000
336.2038 180.0041
336.2067 619.6688
336.2096 1092.1121
336.2126 1303.4750
336.2155 942.1494
336.2184 507.5742
336.2213 161.6382
336.2243 0.0000
336.2272 0.0000
336.2301 0.0000
336.2330 0.0000
338.1506 0.0000
338.1535 0.0000
338.1565 0.0000
338.1594 0.0000
338.1624 156.8130
338.1653 396.8697
338.1683 876.2227
338.1712 1100.3170
338.1742 821.2720
338.1771 338.5286
338.1801 119.2482
338.1831 0.0000
338.1861 0.0000
338.1890 0.0000
338.1920 0.0000
339.1201 0.0000
339.1230 0.0000
339.1260 0.0000
339.1290 0.0000
339.1319 228.7915
339.1349 326.8289
339.1378 372.0896
339.1408 332.2065
339.1438 225.0905
339.1473 0.0000
339.1503 0.0000
339.1532 0.0000
339.1562 0.0000
342.1079 0.0000
342.1109 0.0000
342.1139 0.0000
342.1169 0.0000
342.1199 202.3749
342.1229 772.3167
342.1259 1549.1169
342.1289 2351.1799
342.1319 2222.7371
342.1349 1358.5060
342.1379 565.9490
342.1410 69.5230
342.1432 0.0000
342.1462 0.0000
342.1492 0.0000
342.1522 0.0000
344.1570 0.0000
344.1600 0.0000
344.1630 0.0000
344.1661 0.0000
344.1691 68.3052
344.1721 486.7934
344.1752 1332.0310
344.1782 2252.2129
344.1812 2846.9260
344.1842 2261.5920
344.1873 1352.3740
344.1903 535.2473
344.1933 139.1140
344.1966 0.0000
344.1996 0.0000
344.2026 0.0000
344.2057 0.0000
344.2087 141.6397
344.2117 302.7738
344.2148 457.9004
344.2178 503.5103
344.2208 410.0104
344.2238 239.9836
344.2269 90.6673
344.2299 0.0000
344.2329 0.0000
344.2360 0.0000
344.2390 0.0000
345.1404 0.0000
345.1434 0.0000
345.1465 0.0000
345.1495 0.0000
345.1526 27.9216
345.1556 367.9529
345.1586 1786.7760
345.1617 3596.1279
345.1647 5337.1460
345.1678 4814.1748
345.1708 2970.6499
345.1738 1246.4091
345.1769 503.8482
345.1799 591.7164
345.1830 868.9219
345.1860 837.2494
345.1890 464.6091
345.1921 185.7398
345.1951 0.0000
345.1982 0.0000
345.2012 0.0000
345.2043 0.0000
345.6640 0.0000
345.6671 0.0000
345.6701 0.0000
345.6732 0.0000
345.6762 141.2494
345.6793 295.1251
345.6823 427.6745
345.6854 459.1525
345.6884 360.7103
345.6915 193.0712
345.6945 0.0000
345.6976 0.0000
345.7006 0.0000
345.7037 0.0000
346.1461 0.0000
346.1492 0.0000
346.1522 0.0000
346.1553 0.0000
346.1583 102.7442
346.1614 263.2905
346.1644 479.1047
346.1675 637.5945
346.1705 625.1064
346.1736 441.6797
346.1767 211.8533
346.1797 0.0000
346.1828 0.0000
346.1858 0.0000
346.1889 0.0000
347.1624 0.0000
347.1654 0.0000
347.1685 0.0000
347.1716 0.0000
347.1746 217.1645
347.1777 375.5143
347.1808 443.8225
347.1838 373.1605
347.1869 215.5030
347.1900 0.0000
347.1930 0.0000
347.1961 0.0000
347.1992 0.0000
347.2023 0.0000
347.2053 0.0000
347.2084 129.2890
347.2115 369.8593
347.2145 894.2071
347.2176 1224.8610
347.2207 1001.4190
347.2237 580.5441
347.2268 191.4339
347.2299 0.0000
347.2329 0.0000
347.2360 0.0000
347.2391 0.0000
348.1585 0.0000
348.1615 0.0000
348.1646 0.0000
348.1677 0.0000
348.1708 196.7025
348.1739 320.2812
348.1769 366.5246
348.1800 299.5197
348.1831 167.1242
348.1862 0.0000
348.1893 0.0000
348.1924 0.0000
348.1954 0.0000
349.1372 0.0000
349.1403 0.0000
349.1434 0.0000
349.1465 0.0000
349.1496 0.0000
349.1527 261.0805
349.1558 782.9375
349.1588 1344.4200
349.1619 1461.5179
349.1650 956.0540
349.1681 451.4466
349.1712 140.4002
349.1747 0.0000
349.1778 0.0000
349.1809 0.0000
349.1840 0.0000
356.1567 0.0000
356.1599 0.0000
356.1630 0.0000
356.1662 0.0000
356.1694 113.4433
356.1726 509.6510
356.1758 1444.8879
356.1790 2457.8779
356.1822 3126.7791
356.1854 2415.9890
356.1885 1397.4010
356.1917 441.4242
356.1949 24.0399
356.1977 0.0000
356.2009 0.0000
356.2041 0.0000
356.2073 0.0000
357.1626 0.0000
357.1658 0.0000
357.1690 0.0000
357.1722 0.0000
357.1754 69.4042
357.1786 259.4226
357.1818 469.4482
357.1850 560.4616
357.1882 470.2096
357.1914 271.4398
357.1946 104.3528
357.1978 0.0000
357.2010 0.0000
357.2042 0.0000
357.2074 0.0000
359.1589 0.0000
359.1621 0.0000
359.1653 0.0000
359.1686 0.0000
359.1718 122.6142
359.1750 604.0023
359.1783 1116.3490
359.1815 1558.8610
359.1847 1462.2531
359.1879 1031.3580
359.1912 346.3943
359.1944 155.7712
359.1976 0.0000
359.2009 0.0000
359.2041 0.0000
359.2073 0.0000
359.6759 0.0000
359.6792 0.0000
359.6824 0.0000
359.6856 0.0000
359.6889 127.6873
359.6921 303.1686
359.6954 449.1641
359.6986 449.8468
359.7018 301.1983
359.7051 125.6038
359.7089 0.0000
359.7121 0.0000
359.7154 0.0000
359.7186 0.0000
360.1137 0.0000
360.1169 0.0000
360.1201 0.0000
360.1234 0.0000
360.1266 164.8598
360.1299 463.7045
360.1331 1542.2080
360.1364 3019.4751
360.1396 4512.5762
360.1428 4225.8711
360.1461 2576.4541
360.1493 1056.6331
360.1526 108.8409
360.1552 0.0000
360.1585 0.0000
360.1617 0.0000
360.1649 0.0000
360.1682 0.0000
360.1714 0.0000
360.1747 0.0000
360.1779 76.3420
360.1812 268.4064
360.1844 515.2197
360.1876 653.4185
360.1909 569.2873
360.1941 332.7878
360.1974 116.3372
360.2006 0.0000
360.2038 0.0000
360.2071 0.0000
360.2103 0.0000
360.6679 0.0000
360.6712 0.0000
360.6744 0.0000
360.6777 0.0000
360.6809 171.6268
360.6842 381.3229
360.6874 584.4636
360.6907 646.2636
360.6939 519.8790
360.6972 293.9672
360.7004 104.7756
360.7037 0.0000
360.7069 0.0000
360.7102 0.0000
360.7134 0.0000
361.1752 0.0000
361.1785 0.0000
361.1817 0.0000
361.1850 0.0000
361.1883 149.9948
361.1915 322.5622
361.1948 462.0464
361.1980 474.0998
361.2013 348.8317
361.2045 174.0225
361.2092 0.0000
361.2125 0.0000
361.2157 0.0000
361.2190 0.0000
362.1683 0.0000
362.1716 0.0000
362.1749 0.0000
362.1781 0.0000
362.1814 126.0881
362.1847 506.4603
362.1879 1087.7271
362.1912 1710.2960
362.1945 1837.4620
362.1978 1229.9110
362.2010 598.1185
362.2043 98.1750
362.2061 0.0000
362.2094 0.0000
362.2127 0.0000
362.2159 0.0000
364.1856 0.0000
364.1889 0.0000
364.1922 0.0000
364.1955 0.0000
364.1988 101.8338
364.2021 242.3543
364.2054 349.6648
364.2087 354.2047
364.2120 258.5044
364.2153 129.8408
364.2187 0.0000
364.2220 0.0000
364.2253 0.0000
364.2286 0.0000
367.1738 0.0000
367.1771 0.0000
367.1805 0.0000
367.1838 0.0000
367.1871 151.2734
367.1905 345.5073
367.1938 541.2859
367.1972 621.4797
367.2005 533.3986
367.2038 336.6624
367.2072 148.7666
367.2105 0.0000
367.2138 0.0000
367.2172 0.0000
367.2205 0.0000
367.6782 0.0000
367.6815 0.0000
367.6849 0.0000
367.6882 0.0000
367.6916 211.9799
367.6949 352.7104
367.6982 385.7488
367.7016 280.5942
367.7049 114.8789
367.7083 0.0000
367.7116 0.0000
367.7150 0.0000
367.7183 0.0000
368.1735 0.0000
368.1769 0.0000
368.1802 0.0000
368.1836 0.0000
368.1869 156.5757
368.1903 251.3248
368.1936 304.4076
368.1970 287.8427
368.2003 203.9419
368.2037 0.0000
368.2070 0.0000
368.2104 0.0000
368.2137 0.0000
368.6766 0.0000
368.6800 0.0000
368.6833 0.0000
368.6867 0.0000
368.6900 103.7904
368.6934 343.7780
368.6968 887.6705
368.7001 1496.1281
368.7035 1653.7490
368.7068 1093.9340
368.7102 538.7464
368.7136 157.7671
368.7169 0.0000
368.7203 0.0000
368.7236 0.0000
368.7270 0.0000
369.1404 0.0000
369.1437 0.0000
369.1471 0.0000
369.1505 0.0000
369.1538 216.1711
369.1572 370.8038
369.1605 431.2959
369.1639 362.7599
369.1673 229.1414
369.1706 0.0000
369.1740 0.0000
369.1774 0.0000
369.1807 122.4661
369.1841 271.5107
369.1875 668.8758
369.1908 1093.8180
369.1942 1326.1610
369.1976 1060.2271
369.2009 630.6573
369.2043 218.1335
369.2075 0.0000
369.2108 0.0000
369.2142 0.0000
369.2176 0.0000
373.1689 0.0000
373.1723 0.0000
373.1757 0.0000
373.1791 0.0000
373.1826 30.6837
373.1860 315.5465
373.1894 1185.6060
373.1928 2227.7429
373.1962 3187.8450
373.1997 2758.2251
373.2031 1656.5470
373.2065 659.0627
373.2099 158.9697
373.2128 0.0000
373.2162 0.0000
373.2197 0.0000
373.2231 0.0000
374.1618 0.0000
374.1652 0.0000
374.1687 0.0000
374.1721 0.0000
374.1755 0.0000
374.1790 737.3978
374.1824 2806.3679
374.1858 5547.9902
374.1893 8433.1602
374.1927 8576.4287
374.1961 5853.3638
374.1996 3191.1250
374.2030 1125.6440
374.2064 243.4983
374.2099 0.0000
374.2139 0.0000
374.2173 0.0000
374.2208 0.0000
374.2242 0.0000
375.1667 0.0000
375.1702 0.0000
375.1736 0.0000
375.1771 0.0000
375.1805 0.0000
375.1840 1171.8970
375.1874 4341.8672
375.1909 11243.6201
375.1943 18706.3008
375.1977 23832.2695
375.2012 19107.2402
375.2046 11586.7402
375.2081 4646.0342
375.2115 1397.4370
375.2150 90.7160
375.2176 0.0000
375.2211 0.0000
375.2245 0.0000
375.2280 0.0000
376.1639 0.0000
376.1674 0.0000
376.1708 0.0000
376.1743 0.0000
376.1778 13.6794
376.1812 274.2957
376.1847 1486.5480
376.1881 4601.7378
376.1916 7832.7231
376.1951 10206.0703
376.1985 8159.9771
376.2020 4900.6240
376.2054 1951.7050
376.2089 606.9424
376.2124 7.2293
376.2179 0.0000
376.2214 0.0000
376.2248 0.0000
376.2283 0.0000
377.1645 0.0000
377.1680 0.0000
377.1714 0.0000
377.1749 0.0000
377.1784 116.2416
377.1819 484.1219
377.1853 1529.5540
377.1888 2741.9641
377.1923 3745.2190
377.1958 3062.9971
377.1992 1798.5460
377.2027 569.7522
377.2062 70.1247
377.2084 0.0000
377.2119 0.0000
377.2154 0.0000
377.2188 0.0000
388.1456 0.0000
388.1493 0.0000
388.1529 0.0000
388.1565 0.0000
388.1601 223.5385
388.1638 855.1075
388.1674 1567.9240
388.1710 2151.9250
388.1747 1698.4670
388.1783 964.3250
388.1819 284.4175
388.1855 58.3696
388.1892 0.0000
388.1928 0.0000
388.1964 0.0000
388.2001 0.0000
389.1486 0.0000
389.1522 0.0000
389.1559 0.0000
389.1595 0.0000
389.1631 96.5727
389.1668 235.2571
389.1704 373.2861
389.1741 429.1665
389.1777 358.1519
389.1813 204.1578
389.1850 0.0000
389.1886 0.0000
389.1923 0.0000
389.1959 0.0000
391.1808 0.0000
391.1844 0.0000
391.1881 0.0000
391.1918 0.0000
391.1955 138.1716
391.1991 555.1376
391.2028 971.7239
391.2065 1230.1880
391.2101 866.5821
391.2138 408.5577
391.2175 142.7254
391.2223 0.0000
391.2260 0.0000
391.2297 0.0000
391.2333 0.0000
392.1377 0.0000
392.1414 0.0000
392.1451 0.0000
392.1488 0.0000
392.1525 119.0976
392.1561 281.9613
392.1598 893.1297
392.1635 1589.8051
392.1672 2146.4839
392.1709 1727.8900
392.1746 989.3428
392.1782 279.2118
392.1819 4.0005
392.1846 0.0000
392.1882 0.0000
392.1919 0.0000
392.1956 0.0000
397.1299 0.0000
397.1336 0.0000
397.1374 0.0000
397.1411 0.0000
397.1449 100.5014
397.1486 272.3503
397.1524 422.7339
397.1561 444.1252
397.1599 325.3042
397.1636 157.0614
397.1674 0.0000
397.1711 0.0000
397.1749 0.0000
397.1787 0.0000
398.1641 0.0000
398.1678 0.0000
398.1716 0.0000
398.1754 0.0000
398.1791 179.3434
398.1829 676.4888
398.1867 1258.7140
398.1904 1794.9390
398.1942 1606.1460
398.1980 985.0681
398.2017 407.0586
398.2055 147.4461
398.2093 0.0000
398.2130 0.0000
398.2168 0.0000
398.2206 0.0000
403.6806 0.0000
403.6845 0.0000
403.6883 0.0000
403.6921 0.0000
403.6960 232.6577
403.6998 489.1701
403.7037 927.6678
403.7075 860.9800
403.7114 433.4077
403.7152 199.1079
403.7191 0.0000
403.7229 0.0000
403.7268 0.0000
403.7306 0.0000
404.1734 0.0000
404.1773 0.0000
404.1811 0.0000
404.1850 0.0000
404.1888 79.1820
404.1927 239.8820
404.1965 716.3580
404.2004 1198.2960
404.2043 1455.7150
404.2081 1105.8250
404.2120 640.6317
404.2158 198.3241
404.2197 0.0000
404.2235 0.0000
404.2274 0.0000
404.2312 0.0000
406.1576 0.0000
406.1615 0.0000
406.1654 0.0000
406.1693 0.0000
406.1732 208.9480
406.1770 359.9795
406.1809 431.5397
406.1848 367.3603
406.1887 215.6405
406.1926 0.0000
406.1965 0.0000
406.2003 0.0000
406.2042 0.0000
406.2081 0.0000
406.2120 185.8487
406.2159 327.7496
406.2197 397.6953
406.2236 340.6046
406.2275 204.0283
406.2314 0.0000
406.2353 0.0000
406.2392 0.0000
406.2430 0.0000
406.2469 208.9976
406.2508 305.8668
406.2547 336.6698
406.2586 268.6088
406.2625 144.3175
406.2663 0.0000
406.2702 0.0000
406.2741 0.0000
406.2780 0.0000
407.1533 0.0000
407.1572 0.0000
407.1611 0.0000
407.1650 0.0000
407.1689 191.0705
407.1727 445.8578
407.1766 926.0146
407.1805 1025.9370
407.1844 524.3320
407.1883 258.9957
407.1922 74.4938
407.1968 0.0000
407.2007 0.0000
407.2046 0.0000
407.2085 0.0000
415.1362 0.0000
415.1402 0.0000
415.1442 0.0000
415.1482 0.0000
415.1522 182.5802
415.1562 579.1337
415.1603 1175.9890
415.1643 1792.1680
415.1683 1843.6810
415.1723 1233.5210
415.1763 615.2722
415.1803 158.4476
415.1836 0.0000
415.1876 0.0000
415.1917 0.0000
415.1957 0.0000
416.1362 0.0000
416.1402 0.0000
416.1442 0.0000
416.1482 0.0000
416.1523 0.0000
416.1563 360.9622
416.1603 894.6417
416.1643 1451.9041
416.1684 1861.3070
416.1724 1674.8740
416.1764 1098.4550
416.1805 713.8383
416.1845 647.9813
416.1888 1554.9020
416.1928 5095.3491
416.1969 10598.2500
416.2009 16581.7598
416.2049 17074.5703
416.2089 11153.4297
416.2130 5504.1431
416.2170 1397.7061
416.2210 239.8588
416.2246 0.0000
416.2287 0.0000
416.2327 0.0000
416.2367 0.0000
417.1323 0.0000
417.1363 0.0000
417.1403 0.0000
417.1444 0.0000
417.1484 149.2917
417.1525 705.4794
417.1565 1432.9301
417.1605 2176.7661
417.1646 2094.7981
417.1686 1433.9020
417.1727 712.4869
417.1767 138.6169
417.1803 0.0000
417.1844 0.0000
417.1884 1.8046
417.1925 500.3192
417.1965 1747.1660
417.2005 3138.2129
417.2046 4354.7979
417.2086 3723.4741
417.2127 2266.7820
417.2167 935.2477
417.2208 223.7241
417.2253 0.0000
417.2294 0.0000
417.2334 0.0000
417.2374 0.0000
419.1763 0.0000
419.1803 0.0000
419.1844 0.0000
419.1885 0.0000
419.1925 126.5945
419.1966 249.7127
419.2007 319.6767
419.2047 278.7980
419.2088 158.9829
419.2129 0.0000
419.2170 0.0000
419.2210 0.0000
419.2251 0.0000
419.6937 0.0000
419.6977 0.0000
419.7018 0.0000
419.7059 0.0000
419.7100 222.9137
419.7140 405.4056
419.7181 503.8428
419.7222 442.6949
419.7263 268.4677
419.7304 99.4283
419.7344 0.0000
419.7385 0.0000
419.7426 0.0000
419.7467 0.0000
424.6840 0.0000
424.6882 0.0000
424.6923 0.0000
424.6965 0.0000
424.7006 106.5577
424.7048 264.0289
424.7089 436.8534
424.7131 520.4250
424.7172 457.1018
424.7214 290.3210
424.7255 122.6399
424.7286 0.0000
424.7327 0.0000
424.7369 0.0000
424.7410 0.0000
425.1773 0.0000
425.1814 0.0000
425.1856 0.0000
425.1897 0.0000
425.1939 176.1106
425.1981 620.4325
425.2022 1329.1140
425.2064 2062.8369
425.2105 2016.4160
425.2147 1296.1100
425.2189 631.8592
425.2230 131.5079
425.2283 0.0000
425.2325 0.0000
425.2366 0.0000
425.2408 0.0000
425.6778 0.0000
425.6820 0.0000
425.6861 0.0000
425.6903 0.0000
425.6944 135.8561
425.6986 312.5753
425.7028 891.4838
425.7069 1510.7570
425.7111 1827.3160
425.7153 1393.8260
425.7194 835.1805
425.7236 316.4170
425.7278 104.8028
425.7319 0.0000
425.7361 0.0000
425.7403 0.0000
425.7444 0.0000
426.1864 0.0000
426.1906 0.0000
426.1948 0.0000
426.1989 0.0000
426.2031 199.8635
426.2073 362.7957
426.2114 497.6086
426.2156 522.7497
426.2198 415.5632
426.2240 240.3947
426.2283 0.0000
426.2324 0.0000
426.2366 0.0000
426.2408 0.0000
433.6780 0.0000
433.6822 0.0000
433.6865 0.0000
433.6908 0.0000
433.6951 10.8553
433.6994 390.3452
433.7037 1518.6591
433.7079 3899.1140
433.7122 6448.3149
433.7165 7903.7861
433.7208 6023.3848
433.7251 3543.6541
433.7294 1252.7660
433.7336 260.8442
433.7379 0.0000
433.7422 0.0000
433.7465 0.0000
433.7508 0.0000
433.7551 0.0000
434.1495 0.0000
434.1538 0.0000
434.1581 0.0000
434.1624 0.0000
434.1667 0.0000
434.1710 0.0000
434.1753 0.0000
434.1795 0.0000
434.1838 0.0000
434.1881 1512.4490
434.1924 1749.5410
434.1967 5638.8691
434.2010 19653.5391
434.2053 56481.9492
434.2096 95665.8828
434.2139 124522.7031
434.2182 98850.4297
434.2225 58762.5000
434.2268 21261.5703
434.2311 5511.1382
434.2353 619.5064
434.2396 0.0000
434.2472 0.0000
434.2515 0.0000
434.2558 0.0000
434.2600 0.0000
434.6853 0.0000
434.6895 0.0000
434.6938 0.0000
434.6981 0.0000
434.7024 128.8232
434.7067 552.8810
434.7110 1144.4880
434.7153 2026.5341
434.7196 3035.1621
434.7239 3608.4109
434.7282 3168.4360
434.7325 1963.5410
434.7368 835.5869
434.7411 82.9888
434.7422 0.0000
434.7465 0.0000
434.7508 0.0000
434.7551 0.0000
435.0820 0.0000
435.0863 0.0000
435.0906 0.0000
435.0949 0.0000
435.0992 164.2399
435.1035 379.1227
435.1078 541.4195
435.1121 533.3799
435.1164 369.6054
435.1207 176.0132
435.1294 0.0000
435.1337 0.0000
435.1380 0.0000
435.1423 0.0000
435.1466 0.0000
435.1509 0.0000
435.1552 0.0000
435.1595 48.1140
435.1638 405.7102
435.1681 1308.8101
435.1724 2446.9861
435.1768 2774.3440
435.1811 2040.0060
435.1854 1010.3570
435.1897 0.0000
435.1901 0.0000
435.1944 0.0000
435.1987 799.8837
435.2030 3237.1169
435.2073 9611.2090
435.2116 18107.2695
435.2159 26902.0098
435.2202 26370.1309
435.2245 17183.7305
435.2289 8542.6279
435.2332 2367.4241
435.2375 181.9054
435.2381 0.0000
435.2424 0.0000
435.2467 0.0000
435.2510 0.0000
435.6777 0.0000
435.6820 0.0000
435.6863 0.0000
435.6907 0.0000
435.6950 28.9497
435.6993 536.5560
435.7036 1380.8240
435.7079 2283.9919
435.7122 2665.8369
435.7165 2087.6121
435.7208 1337.9520
435.7252 695.7159
435.7295 161.7584
435.7369 0.0000
435.7413 0.0000
435.7456 0.0000
435.7499 0.0000
436.1946 0.0000
436.1989 0.0000
436.2032 0.0000
436.2075 0.0000
436.2119 137.3011
436.2162 513.4355
436.2205 978.4070
436.2248 1504.1040
436.2291 1605.5370
436.2335 1089.5031
436.2378 562.7437
436.2421 125.0367
436.2464 0.0000
436.2507 0.0000
436.2551 0.0000
436.2594 0.0000
446.2238 0.0000
446.2283 0.0000
446.2328 0.0000
446.2373 0.0000
446.2417 205.5272
446.2462 354.9477
446.2507 409.3023
446.2551 327.7029
446.2596 174.0444
446.2642 0.0000
446.2687 0.0000
446.2732 0.0000
446.2776 0.0000
478.2450 0.0000
478.2499 0.0000
478.2549 0.0000
478.2598 0.0000
478.2648 168.9231
478.2698 299.0530
478.2747 373.0647
478.2797 341.9909
478.2846 225.1558
478.2896 0.0000
478.2946 0.0000
478.2995 0.0000
478.3045 0.0000
480.2252 0.0000
480.2302 0.0000
480.2352 0.0000
480.2402 0.0000
480.2452 132.7215
480.2502 254.2145
480.2552 324.6436
480.2602 295.5275
480.2652 186.6253
480.2702 0.0000
480.2752 0.0000
480.2801 0.0000
480.2851 0.0000
494.2036 0.0000
494.2088 0.0000
494.2140 0.0000
494.2192 0.0000
494.2244 215.0000
494.2296 380.2934
494.2348 474.7022
494.2400 424.1777
494.2453 263.4246
494.2505 110.3985
494.2557 0.0000
494.2609 0.0000
494.2661 0.0000
494.2713 0.0000
504.2221 0.0000
504.2274 0.0000
504.2328 0.0000
504.2382 0.0000
504.2436 136.9898
504.2489 277.4871
504.2543 343.9631
504.2597 283.8464
504.2650 146.7896
504.2704 0.0000
504.2758 0.0000
504.2811 178.3330
504.2865 287.7105
504.2919 312.9292
504.2973 241.5166
504.3026 125.9196
504.3082 0.0000
504.3135 0.0000
504.3189 0.0000
504.3243 0.0000
508.2521 0.0000
508.2575 0.0000
508.2629 0.0000
508.2684 0.0000
508.2738 146.0181
508.2792 322.5502
508.2847 457.3297
508.2901 451.9494
508.2955 311.9387
508.3010 141.2589
508.3064 0.0000
508.3119 0.0000
508.3173 0.0000
508.3227 0.0000
533.2498 0.0000
533.2556 0.0000
533.2614 0.0000
533.2673 0.0000
533.2731 125.0231
533.2790 274.5856
533.2848 384.1204
533.2906 378.6689
533.2965 262.3039
533.3023 113.8418
533.3082 0.0000
533.3140 0.0000
533.3199 0.0000
533.3257 0.0000
534.2674 0.0000
534.2732 0.0000
534.2791 0.0000
534.2850 0.0000
534.2908 179.6637
534.2967 306.4897
534.3025 370.3302
534.3084 326.3172
534.3142 204.1573
534.3201 0.0000
534.3260 0.0000
534.3318 0.0000
534.3377 0.0000
535.2644 0.0000
535.2703 0.0000
535.2762 0.0000
535.2821 0.0000
535.2879 230.3426
535.2938 339.6613
535.2997 341.0579
535.3056 239.8759
535.3114 108.4934
535.3173 0.0000
535.3232 0.0000
535.3290 0.0000
535.3349 0.0000
536.2466 0.0000
536.2525 0.0000
536.2584 0.0000
536.2643 0.0000
536.2702 144.8061
536.2761 263.9709
536.2819 311.6712
536.2878 252.9105
536.2937 133.8741
536.2996 0.0000
536.3055 0.0000
536.3114 0.0000
536.3173 0.0000
551.5491 0.0000
551.5552 0.0000
551.5614 0.0000
551.5675 0.0000
551.5736 171.7041
551.5798 300.9301
551.5859 338.0545
551.5921 254.9140
551.5982 118.4708
551.6044 0.0000
551.6105 0.0000
551.6167 0.0000
551.6228 0.0000
564.2727 0.0000
564.2791 0.0000
564.2854 0.0000
564.2918 0.0000
564.2981 237.8087
564.3045 456.0960
564.3109 589.6224
564.3172 537.5400
564.3236 341.9979
564.3299 138.4978
564.3363 0.0000
564.3427 0.0000
564.3490 0.0000
564.3554 0.0000
577.2641 0.0000
577.2707 0.0000
577.2773 0.0000
577.2839 0.0000
577.2904 98.6326
577.2970 281.9622
577.3036 471.3777
577.3102 537.1880
577.3168 431.6575
577.3233 236.4657
577.3299 0.0000
577.3365 0.0000
577.3431 0.0000
577.3497 0.0000
581.2976 0.0000
581.3043 0.0000
581.3109 0.0000
581.3176 0.0000
581.3242 149.7776
581.3309 299.7723
581.3375 365.6710
581.3442 290.1533
581.3508 138.4216
581.3575 0.0000
581.3641 0.0000
581.3708 0.0000
581.3774 0.0000
591.2818 0.0000
591.2886 0.0000
591.2954 0.0000
591.3023 0.0000
591.3091 210.9874
591.3159 391.6867
591.3227 482.3517
591.3295 419.0976
591.3364 253.2448
591.3432 97.9031
591.3500 0.0000
591.3568 0.0000
591.3636 0.0000
591.3705 0.0000
607.2687 0.0000
607.2758 0.0000
607.2829 0.0000
607.2900 0.0000
607.2971 112.2778
607.3041 305.7242
607.3112 507.3972
607.3183 568.4737
607.3254 438.7922
607.3325 218.2352
607.3396 0.0000
607.3467 0.0000
607.3538 0.0000
607.3609 0.0000
621.2825 0.0000
621.2898 0.0000
621.2972 0.0000
621.3045 0.0000
621.3119 94.3047
621.3192 307.8549
621.3266 560.4506
621.3339 1064.0040
621.3413 815.3067
621.3486 394.9429
621.3559 175.4453
621.3633 0.0000
621.3706 0.0000
621.3780 0.0000
621.3853 0.0000
622.2899 0.0000
622.2973 0.0000
622.3046 0.0000
622.3120 0.0000
622.3193 198.3286
622.3267 343.7294
622.3341 418.2838
622.3414 368.0410
622.3488 223.8461
622.3562 0.0000
622.3636 0.0000
622.3709 0.0000
622.3783 0.0000
663.2895 0.0000
663.2976 0.0000
663.3057 0.0000
663.3138 0.0000
663.3219 100.8829
663.3300 249.8509
663.3382 401.6490
663.3463 472.6799
663.3544 419.9713
663.3625 277.1589
663.3706 124.5794
663.3787 0.0000
663.3868 0.0000
663.3949 0.0000
663.4030 0.0000
680.3162 0.0000
680.3246 0.0000
680.3330 0.0000
680.3415 0.0000
680.3499 88.8839
680.3583 250.4161
680.3667 390.1812
680.3751 408.2407
680.3835 294.8379
680.3920 137.1067
680.4007 0.0000
680.4091 0.0000
680.4175 0.0000
680.4260 0.0000
681.2854 0.0000
681.2938 0.0000
681.3022 0.0000
681.3107 0.0000
681.3191 35.9133
681.3275 284.8657
681.3360 993.7594
681.3444 1816.4790
681.3528 2550.8140
681.3613 2191.7471
681.3697 1312.5551
681.3782 508.8086
681.3866 70.1055
681.3947 0.0000
681.4031 0.0000
681.4116 0.0000
681.4200 0.0000
682.2898 0.0000
682.2982 0.0000
682.3067 0.0000
682.3151 0.0000
682.3236 98.8145
682.3320 340.9409
682.3405 829.7877
682.3489 1358.8850
682.3574 1552.3770
682.3658 1103.2939
682.3743 595.8940
682.3827 185.2317
682.3912 0.0000
682.3996 0.0000
682.4081 0.0000
682.4166 0.0000
683.3136 0.0000
683.3221 0.0000
683.3306 0.0000
683.3391 0.0000
683.3475 132.4393
683.3560 280.5356
683.3645 396.3595
683.3729 399.5191
683.3814 285.5464
683.3899 136.5749
683.3984 0.0000
683.4068 0.0000
683.4153 0.0000
683.4238 0.0000
684.3059 0.0000
684.3144 0.0000
684.3228 0.0000
684.3313 0.0000
684.3398 100.8402
684.3483 248.9074
684.3568 422.4836
684.3653 515.8528
684.3738 467.7887
684.3823 316.5962
684.3908 155.8593
684.3994 0.0000
684.4078 0.0000
684.4163 0.0000
684.4248 0.0000
867.7107 0.0000
867.7228 0.0000
867.7349 0.0000
867.7470 0.0000
867.7592 144.3642
867.7713 257.2709
867.7834 324.4448
867.7955 301.6120
867.8077 199.2316
867.8198 0.0000
867.8319 0.0000
867.8440 0.0000
867.8562 0.0000
914.1279 0.0000
914.1410 0.0000
914.1541 0.0000
914.1672 0.0000
